          #r                      g1                      g12
  0.0000000000000000E+00  0.4569780643626838E+01  0.1828216639185278E+00
  0.1000000000000000E-04  0.4569780045449036E+01  0.1828216645599750E+00
  0.2000000000000000E-04  0.4569778250932832E+01  0.1828216664842177E+00
  0.3000000000000000E-04  0.4569775260129982E+01  0.1828216696912085E+00
  0.4000000000000000E-04  0.4569771073124367E+01  0.1828216741811891E+00
  0.5000000000000000E-04  0.4569765690036736E+01  0.1828216799536614E+00
  0.6000000000000000E-04  0.4569759111021241E+01  0.1828216870092246E+00
  0.6999999999999999E-04  0.4569751336265654E+01  0.1828216953473684E+00
  0.8000000000000001E-04  0.4569742365990408E+01  0.1828217049683249E+00
  0.9000000000000001E-04  0.4569732200453610E+01  0.1828217158721029E+00
  0.1000000000000000E-03  0.4569720839944675E+01  0.1828217280585586E+00
  0.1100000000000000E-03  0.4569708284787865E+01  0.1828217415280632E+00
  0.1200000000000000E-03  0.4569694535341270E+01  0.1828217562800472E+00
  0.1300000000000000E-03  0.4569679591998447E+01  0.1828217723146874E+00
  0.1400000000000000E-03  0.4569663455184387E+01  0.1828217896322659E+00
  0.1500000000000000E-03  0.4569646125361278E+01  0.1828218082322390E+00
  0.1600000000000000E-03  0.4569627603021440E+01  0.1828218281150461E+00
  0.1700000000000000E-03  0.4569607888693365E+01  0.1828218492805516E+00
  0.1800000000000000E-03  0.4569586982940450E+01  0.1828218717287632E+00
  0.1900000000000000E-03  0.4569564886357128E+01  0.1828218954593179E+00
  0.2000000000000000E-03  0.4569541599573678E+01  0.1828219204725497E+00
  0.2100000000000000E-03  0.4569517123253964E+01  0.1828219467683289E+00
  0.2200000000000000E-03  0.4569491458093798E+01  0.1828219743465507E+00
  0.2300000000000000E-03  0.4569464604824939E+01  0.1828220032074483E+00
  0.2400000000000000E-03  0.4569436564210894E+01  0.1828220333507785E+00
  0.2500000000000000E-03  0.4569407337049441E+01  0.1828220647765679E+00
  0.2600000000000000E-03  0.4569376924172251E+01  0.1828220974847229E+00
  0.2700000000000000E-03  0.4569345326443970E+01  0.1828221314751310E+00
  0.2800000000000000E-03  0.4569312544762146E+01  0.1828221667478355E+00
  0.2900000000000000E-03  0.4569278580057376E+01  0.1828222033032620E+00
  0.3000000000000000E-03  0.4569243433294962E+01  0.1828222411405390E+00
  0.3100000000000000E-03  0.4569207105473306E+01  0.1828222802601829E+00
  0.3200000000000000E-03  0.4569169597621165E+01  0.1828223206620289E+00
  0.3300000000000000E-03  0.4569130910803078E+01  0.1828223623460457E+00
  0.3400000000000000E-03  0.4569091046114660E+01  0.1828224053121866E+00
  0.3500000000000000E-03  0.4569050004686972E+01  0.1828224495602164E+00
  0.3600000000000000E-03  0.4569007787680438E+01  0.1828224950901826E+00
  0.3700000000000000E-03  0.4568964396289677E+01  0.1828225419024439E+00
  0.3800000000000000E-03  0.4568919831743368E+01  0.1828225899965634E+00
  0.3900000000000000E-03  0.4568874095299724E+01  0.1828226393724126E+00
  0.4000000000000000E-03  0.4568827188252645E+01  0.1828226900301602E+00
  0.4100000000000000E-03  0.4568779111924826E+01  0.1828227419697714E+00
  0.4200000000000000E-03  0.4568729867673795E+01  0.1828227951910074E+00
  0.4300000000000000E-03  0.4568679456887740E+01  0.1828228496938464E+00
  0.4400000000000000E-03  0.4568627880988397E+01  0.1828229054782717E+00
  0.4500000000000000E-03  0.4568575141426924E+01  0.1828229625441420E+00
  0.4600000000000000E-03  0.4568521239688887E+01  0.1828230208918568E+00
  0.4700000000000000E-03  0.4568466177290508E+01  0.1828230805208578E+00
  0.4800000000000000E-03  0.4568409955778169E+01  0.1828231414311011E+00
  0.4900000000000000E-03  0.4568352576732380E+01  0.1828232036227782E+00
  0.5000000000000000E-03  0.4568294041763551E+01  0.1828232670957858E+00
  0.5100000000000000E-03  0.4568234352512609E+01  0.1828233318497704E+00
  0.5200000000000000E-03  0.4568173510652405E+01  0.1828233978848791E+00
  0.5300000000000000E-03  0.4568111517887057E+01  0.1828234652011590E+00
  0.5400000000000000E-03  0.4568048375951491E+01  0.1828235337985328E+00
  0.5500000000000000E-03  0.4567984086610546E+01  0.1828236036765999E+00
  0.5600000000000000E-03  0.4567918651661273E+01  0.1828236748356738E+00
  0.5700000000000000E-03  0.4567852072928919E+01  0.1828237472754453E+00
  0.5800000000000000E-03  0.4567784352270858E+01  0.1828238209958043E+00
  0.5900000000000000E-03  0.4567715491575346E+01  0.1828238959970143E+00
  0.5999999999999999E-03  0.4567645492758103E+01  0.1828239722785968E+00
  0.6100000000000000E-03  0.4567574357765456E+01  0.1828240498406662E+00
  0.6200000000000000E-03  0.4567502088576991E+01  0.1828241286831206E+00
  0.6300000000000000E-03  0.4567428687198301E+01  0.1828242088059753E+00
  0.6400000000000001E-03  0.4567354155663470E+01  0.1828242902090356E+00
  0.6500000000000000E-03  0.4567278496040525E+01  0.1828243728920066E+00
  0.6600000000000000E-03  0.4567201710423428E+01  0.1828244568552707E+00
  0.6700000000000000E-03  0.4567123800936320E+01  0.1828245420985279E+00
  0.6800000000000000E-03  0.4567044769731022E+01  0.1828246286216976E+00
  0.6900000000000000E-03  0.4566964618989469E+01  0.1828247164246400E+00
  0.7000000000000000E-03  0.4566883350922500E+01  0.1828248055071136E+00
  0.7100000000000000E-03  0.4566800967767335E+01  0.1828248958692065E+00
  0.7200000000000000E-03  0.4566717471791908E+01  0.1828249875112024E+00
  0.7300000000000000E-03  0.4566632865291074E+01  0.1828250804321918E+00
  0.7400000000000000E-03  0.4566547150587941E+01  0.1828251746328545E+00
  0.7500000000000000E-03  0.4566460330032356E+01  0.1828252701125782E+00
  0.7600000000000000E-03  0.4566372406004244E+01  0.1828253668714227E+00
  0.7700000000000000E-03  0.4566283380908549E+01  0.1828254649094288E+00
  0.7800000000000000E-03  0.4566193257179374E+01  0.1828255642262526E+00
  0.7900000000000000E-03  0.4566102037275901E+01  0.1828256648222860E+00
  0.8000000000000000E-03  0.4566009723685677E+01  0.1828257666968215E+00
  0.8100000000000000E-03  0.4565916318923641E+01  0.1828258698498141E+00
  0.8200000000000000E-03  0.4565821825530605E+01  0.1828259742815413E+00
  0.8300000000000000E-03  0.4565726246072354E+01  0.1828260799917913E+00
  0.8400000000000000E-03  0.4565629583144211E+01  0.1828261869802189E+00
  0.8500000000000000E-03  0.4565531839364027E+01  0.1828262952468810E+00
  0.8600000000000000E-03  0.4565433017377487E+01  0.1828264047917205E+00
  0.8700000000000000E-03  0.4565333119856301E+01  0.1828265156145044E+00
  0.8800000000000000E-03  0.4565232149496897E+01  0.1828266277152810E+00
  0.8899999999999999E-03  0.4565130109020018E+01  0.1828267410936265E+00
  0.9000000000000000E-03  0.4565027001174040E+01  0.1828268557497802E+00
  0.9100000000000000E-03  0.4564922828730801E+01  0.1828269716833398E+00
  0.9200000000000000E-03  0.4564817594485807E+01  0.1828270888945311E+00
  0.9300000000000001E-03  0.4564711301261113E+01  0.1828272073828003E+00
  0.9400000000000000E-03  0.4564603951902474E+01  0.1828273271485248E+00
  0.9500000000000000E-03  0.4564495549279258E+01  0.1828274481910264E+00
  0.9600000000000000E-03  0.4564386096284821E+01  0.1828275705105119E+00
  0.9700000000000001E-03  0.4564275595837832E+01  0.1828276941069890E+00
  0.9800000000000000E-03  0.4564164050878351E+01  0.1828278189799732E+00
  0.9900000000000000E-03  0.4564051464370711E+01  0.1828279451295470E+00
  0.1000000000000000E-02  0.4563937839303293E+01  0.1828280725555770E+00
  0.1010000000000000E-02  0.4563823178685642E+01  0.1828282012580681E+00
  0.1020000000000000E-02  0.4563707485550926E+01  0.1828283312363895E+00
  0.1030000000000000E-02  0.4563590762955741E+01  0.1828284624909043E+00
  0.1040000000000000E-02  0.4563473013976960E+01  0.1828285950217161E+00
  0.1050000000000000E-02  0.4563354241715506E+01  0.1828287288279219E+00
  0.1060000000000000E-02  0.4563234449293461E+01  0.1828288639097639E+00
  0.1070000000000000E-02  0.4563113639854298E+01  0.1828290002670894E+00
  0.1080000000000000E-02  0.4562991816562397E+01  0.1828291378998923E+00
  0.1090000000000000E-02  0.4562868982605853E+01  0.1828292768077961E+00
  0.1100000000000000E-02  0.4562745141190476E+01  0.1828294169909258E+00
  0.1110000000000000E-02  0.4562620295545689E+01  0.1828295584489812E+00
  0.1120000000000000E-02  0.4562494448919385E+01  0.1828297011818503E+00
  0.1130000000000000E-02  0.4562367604582552E+01  0.1828298451891849E+00
  0.1140000000000000E-02  0.4562239765821952E+01  0.1828299904711261E+00
  0.1150000000000000E-02  0.4562110935948851E+01  0.1828301370274250E+00
  0.1160000000000000E-02  0.4561981118291665E+01  0.1828302848581753E+00
  0.1170000000000000E-02  0.4561850316198625E+01  0.1828304339626504E+00
  0.1180000000000000E-02  0.4561718533037715E+01  0.1828305843410920E+00
  0.1190000000000000E-02  0.4561585772196655E+01  0.1828307359933946E+00
  0.1200000000000000E-02  0.4561452037080102E+01  0.1828308889192633E+00
  0.1210000000000000E-02  0.4561317331111563E+01  0.1828310431185856E+00
  0.1220000000000000E-02  0.4561181657734953E+01  0.1828311985910786E+00
  0.1230000000000000E-02  0.4561045020409580E+01  0.1828313553367765E+00
  0.1240000000000000E-02  0.4560907422615254E+01  0.1828315133557231E+00
  0.1250000000000000E-02  0.4560768867847358E+01  0.1828316726471317E+00
  0.1260000000000000E-02  0.4560629359620667E+01  0.1828318332113680E+00
  0.1270000000000000E-02  0.4560488901464804E+01  0.1828319950479832E+00
  0.1280000000000000E-02  0.4560347496926956E+01  0.1828321581569531E+00
  0.1290000000000000E-02  0.4560205149573330E+01  0.1828323225380905E+00
  0.1300000000000000E-02  0.4560061862984440E+01  0.1828324881912824E+00
  0.1310000000000000E-02  0.4559917640756926E+01  0.1828326551161960E+00
  0.1320000000000000E-02  0.4559772486505058E+01  0.1828328233129183E+00
  0.1330000000000000E-02  0.4559626403856247E+01  0.1828329927811053E+00
  0.1340000000000000E-02  0.4559479396456093E+01  0.1828331635204439E+00
  0.1350000000000000E-02  0.4559331467966099E+01  0.1828333355311210E+00
  0.1360000000000000E-02  0.4559182622058330E+01  0.1828335088125363E+00
  0.1370000000000000E-02  0.4559032862424952E+01  0.1828336833648745E+00
  0.1380000000000000E-02  0.4558882192769294E+01  0.1828338591878520E+00
  0.1390000000000000E-02  0.4558730616810152E+01  0.1828340362811751E+00
  0.1400000000000000E-02  0.4558578138280320E+01  0.1828342146448859E+00
  0.1410000000000000E-02  0.4558424760927205E+01  0.1828343942786871E+00
  0.1420000000000000E-02  0.4558270488510648E+01  0.1828345751824045E+00
  0.1430000000000000E-02  0.4558115324804561E+01  0.1828347573555818E+00
  0.1440000000000000E-02  0.4557959273596524E+01  0.1828349407986446E+00
  0.1450000000000000E-02  0.4557802338686017E+01  0.1828351255106947E+00
  0.1460000000000000E-02  0.4557644523884676E+01  0.1828353114918618E+00
  0.1470000000000000E-02  0.4557485833018622E+01  0.1828354987423720E+00
  0.1480000000000000E-02  0.4557326269924857E+01  0.1828356872614852E+00
  0.1490000000000000E-02  0.4557165838451515E+01  0.1828358770492002E+00
  0.1500000000000000E-02  0.4557004542460509E+01  0.1828360681052027E+00
  0.1510000000000000E-02  0.4556842385823813E+01  0.1828362604294593E+00
  0.1520000000000000E-02  0.4556679372424791E+01  0.1828364540218796E+00
  0.1530000000000000E-02  0.4556515506156998E+01  0.1828366488819366E+00
  0.1540000000000000E-02  0.4556350790926724E+01  0.1828368450096889E+00
  0.1550000000000000E-02  0.4556185230648732E+01  0.1828370424047895E+00
  0.1560000000000000E-02  0.4556018829249624E+01  0.1828372410670678E+00
  0.1570000000000000E-02  0.4555851590664413E+01  0.1828374409963711E+00
  0.1580000000000000E-02  0.4555683518839341E+01  0.1828376421926462E+00
  0.1590000000000000E-02  0.4555514617729315E+01  0.1828378446555146E+00
  0.1600000000000000E-02  0.4555344891297935E+01  0.1828380483846500E+00
  0.1610000000000000E-02  0.4555174343519927E+01  0.1828382533799525E+00
  0.1620000000000000E-02  0.4555002978376375E+01  0.1828384596413587E+00
  0.1630000000000000E-02  0.4554830799858341E+01  0.1828386671684346E+00
  0.1640000000000000E-02  0.4554657811964304E+01  0.1828388759612084E+00
  0.1650000000000000E-02  0.4554484018701132E+01  0.1828390860192357E+00
  0.1660000000000000E-02  0.4554309424084551E+01  0.1828392973425762E+00
  0.1670000000000000E-02  0.4554134032135532E+01  0.1828395099307093E+00
  0.1680000000000000E-02  0.4553957846885609E+01  0.1828397237834594E+00
  0.1690000000000000E-02  0.4553780872369970E+01  0.1828399389007890E+00
  0.1700000000000000E-02  0.4553603112632406E+01  0.1828401552823718E+00
  0.1710000000000000E-02  0.4553424571723501E+01  0.1828403729280369E+00
  0.1720000000000000E-02  0.4553245253699051E+01  0.1828405918377639E+00
  0.1730000000000000E-02  0.4553065162621991E+01  0.1828408120108775E+00
  0.1740000000000000E-02  0.4552884302559690E+01  0.1828410334475539E+00
  0.1750000000000000E-02  0.4552702677588272E+01  0.1828412561471495E+00
  0.1760000000000000E-02  0.4552520291785555E+01  0.1828414801100688E+00
  0.1770000000000000E-02  0.4552337149236109E+01  0.1828417053351424E+00
  0.1780000000000000E-02  0.4552153254030131E+01  0.1828419318232974E+00
  0.1790000000000000E-02  0.4551968610261748E+01  0.1828421595735244E+00
  0.1800000000000000E-02  0.4551783222028646E+01  0.1828423885858417E+00
  0.1810000000000000E-02  0.4551597093433922E+01  0.1828426188597530E+00
  0.1820000000000000E-02  0.4551410228584539E+01  0.1828428503953550E+00
  0.1830000000000000E-02  0.4551222631589440E+01  0.1828430831922473E+00
  0.1840000000000000E-02  0.4551034306564375E+01  0.1828433172504920E+00
  0.1850000000000000E-02  0.4550845257626302E+01  0.1828435525693729E+00
  0.1860000000000000E-02  0.4550655488893018E+01  0.1828437891488282E+00
  0.1870000000000000E-02  0.4550465004489287E+01  0.1828440269887395E+00
  0.1880000000000000E-02  0.4550273808540108E+01  0.1828442660889985E+00
  0.1890000000000000E-02  0.4550081905173339E+01  0.1828445064489195E+00
  0.1900000000000000E-02  0.4549889298517328E+01  0.1828447480685534E+00
  0.1910000000000000E-02  0.4549695992705793E+01  0.1828449909477848E+00
  0.1920000000000000E-02  0.4549501991870126E+01  0.1828452350858528E+00
  0.1930000000000000E-02  0.4549307300145339E+01  0.1828454804831944E+00
  0.1940000000000000E-02  0.4549111921667588E+01  0.1828457271390403E+00
  0.1950000000000000E-02  0.4548915860571540E+01  0.1828459750533581E+00
  0.1960000000000000E-02  0.4548719120996300E+01  0.1828462242259447E+00
  0.1970000000000000E-02  0.4548521707079298E+01  0.1828464746563127E+00
  0.1980000000000000E-02  0.4548323622957359E+01  0.1828467263443810E+00
  0.1990000000000000E-02  0.4548124872769317E+01  0.1828469792901751E+00
  0.2000000000000000E-02  0.4547925460652929E+01  0.1828472334929749E+00
  0.5992000000000000E-02  0.4447804206365158E+01  0.1830451214342149E+00
  0.9984000000000000E-02  0.4343836037641831E+01  0.1834105619865423E+00
  0.1397600000000000E-01  0.4241485683042900E+01  0.1838924969156543E+00
  0.1796800000000000E-01  0.4142188457760525E+01  0.1844333035362495E+00
  0.2196000000000000E-01  0.4044694708700699E+01  0.1849825514478312E+00
  0.2595200000000000E-01  0.3949217213164450E+01  0.1855054862786888E+00
  0.2994400000000000E-01  0.3856154107478493E+01  0.1859846590029092E+00
  0.3393600000000000E-01  0.3765522088147236E+01  0.1864162197899362E+00
  0.3792800000000000E-01  0.3677175873617017E+01  0.1868039611097080E+00
  0.4192000000000000E-01  0.3590986362404261E+01  0.1871539235080556E+00
  0.4591200000000000E-01  0.3506872314469533E+01  0.1874710361486832E+00
  0.4990400000000000E-01  0.3424778593502656E+01  0.1877578871191131E+00
  0.5389600000000000E-01  0.3344656310807248E+01  0.1880149312127397E+00
  0.5788800000000000E-01  0.3266455947540436E+01  0.1882413052497611E+00
  0.6188000000000000E-01  0.3190128566383672E+01  0.1884356623317665E+00
  0.6587200000000000E-01  0.3115628874328271E+01  0.1885967569641096E+00
  0.6986400000000000E-01  0.3042916681076188E+01  0.1887237435129035E+00
  0.7385600000000000E-01  0.2971956096488422E+01  0.1888162574162612E+00
  0.7784800000000000E-01  0.2902713366171904E+01  0.1888743687884388E+00
  0.8184000000000000E-01  0.2835154564047959E+01  0.1888984793191503E+00
  0.8583200000000001E-01  0.2769243977038201E+01  0.1888892070144651E+00
  0.8982400000000000E-01  0.2704943468238824E+01  0.1888472823752529E+00
  0.9381600000000000E-01  0.2642212696457714E+01  0.1887734662411535E+00
  0.9780800000000001E-01  0.2581009879992907E+01  0.1886684918627933E+00
  0.1018000000000000E+00  0.2521292774865699E+01  0.1885330296834405E+00
  0.1057920000000000E+00  0.2463019612752454E+01  0.1883676712498623E+00
  0.1097840000000000E+00  0.2406149846202422E+01  0.1881729278472921E+00
  0.1137760000000000E+00  0.2350644640293164E+01  0.1879492393783178E+00
  0.1177680000000000E+00  0.2296467115146489E+01  0.1876969894093333E+00
  0.1217600000000000E+00  0.2243582381676613E+01  0.1874165229841314E+00
  0.1257520000000000E+00  0.2191957428580283E+01  0.1871081645996521E+00
  0.1297440000000000E+00  0.2141560919114679E+01  0.1867722345375515E+00
  0.1337360000000000E+00  0.2092362947913069E+01  0.1864090624563974E+00
  0.1377280000000000E+00  0.2044334795983372E+01  0.1860189977422924E+00
  0.1417200000000000E+00  0.1997448709283335E+01  0.1856024165655305E+00
  0.1457120000000000E+00  0.1951677715030921E+01  0.1851597258866367E+00
  0.1497040000000000E+00  0.1906995480919759E+01  0.1846913648543561E+00
  0.1536960000000000E+00  0.1863376216103115E+01  0.1841978041067573E+00
  0.1576880000000000E+00  0.1820794608806717E+01  0.1836795435100888E+00
  0.1616800000000000E+00  0.1779225793506309E+01  0.1831371088256943E+00
  0.1656720000000000E+00  0.1738645340022231E+01  0.1825710477365690E+00
  0.1696640000000000E+00  0.1699029257399514E+01  0.1819819255822844E+00
  0.1736560000000000E+00  0.1660354006436151E+01  0.1813703210746140E+00
  0.1776480000000000E+00  0.1622596516004734E+01  0.1807368221970354E+00
  0.1816400000000000E+00  0.1585734199613616E+01  0.1800820224160062E+00
  0.1856320000000000E+00  0.1549744969813010E+01  0.1794065172997220E+00
  0.1896240000000000E+00  0.1514607249041925E+01  0.1787109015751428E+00
  0.1936160000000000E+00  0.1480299976273535E+01  0.1779957666421617E+00
  0.1976080000000000E+00  0.1446802609390661E+01  0.1772616985313450E+00
  0.2016000000000000E+00  0.1414095123565869E+01  0.1765092762789073E+00
  0.2055920000000000E+00  0.1382158006188665E+01  0.1757390706829801E+00
  0.2095840000000000E+00  0.1350972248953049E+01  0.1749516433997952E+00
  0.2135760000000000E+00  0.1320519337765823E+01  0.1741475463328861E+00
  0.2175680000000000E+00  0.1290781241110399E+01  0.1733273212773394E+00
  0.2215600000000000E+00  0.1261740397409206E+01  0.1724914997691188E+00
  0.2255520000000000E+00  0.1233379701864479E+01  0.1716406031080636E+00
  0.2295440000000000E+00  0.1205682493164465E+01  0.1707751425102243E+00
  0.2335360000000000E+00  0.1178632540325753E+01  0.1698956193669699E+00
  0.2375280000000000E+00  0.1152214029905368E+01  0.1690025255714751E+00
  0.2415200000000000E+00  0.1126411553690675E+01  0.1680963438979681E+00
  0.2455120000000000E+00  0.1101210096962741E+01  0.1671775484075996E+00
  0.2495040000000000E+00  0.1076595027343245E+01  0.1662466048654541E+00
  0.2534960000000000E+00  0.1052552084229134E+01  0.1653039711528491E+00
  0.2574880000000000E+00  0.1029067368765449E+01  0.1643500976678200E+00
  0.2614800000000000E+00  0.1006127334322261E+01  0.1633854277013918E+00
  0.2654720000000000E+00  0.9837187773991568E+00  0.1624103977847463E+00
  0.2694640000000000E+00  0.9618288289074167E+00  0.1614254380027855E+00
  0.2734560000000000E+00  0.9404449457686894E+00  0.1604309722738127E+00
  0.2774480000000000E+00  0.9195549027751847E+00  0.1594274185885058E+00
  0.2814400000000000E+00  0.8991467846620628E+00  0.1584151892150564E+00
  0.2854320000000000E+00  0.8792089783647512E+00  0.1573946908654496E+00
  0.2894240000000000E+00  0.8597301654236537E+00  0.1563663248284163E+00
  0.2934160000000000E+00  0.8406993145184245E+00  0.1553304870674855E+00
  0.2974080000000000E+00  0.8221056741264169E+00  0.1542875682915952E+00
  0.3014000000000000E+00  0.8039387652784384E+00  0.1532379539960088E+00
  0.3053920000000000E+00  0.7861883744415271E+00  0.1521820244793843E+00
  0.3093840000000000E+00  0.7688445465069430E+00  0.1511201548399921E+00
  0.3133760000000000E+00  0.7518975778894124E+00  0.1500527149532764E+00
  0.3173680000000000E+00  0.7353380097668906E+00  0.1489800694324733E+00
  0.3213600000000000E+00  0.7191566214396824E+00  0.1479025775799023E+00
  0.3253520000000000E+00  0.7033444238450551E+00  0.1468205933256150E+00
  0.3293440000000000E+00  0.6878926532078490E+00  0.1457344651607192E+00
  0.3333360000000000E+00  0.6727927648549716E+00  0.1446445360637174E+00
  0.3373280000000000E+00  0.6580364271901461E+00  0.1435511434274718E+00
  0.3413200000000000E+00  0.6436155158314397E+00  0.1424546189832737E+00
  0.3453120000000000E+00  0.6295221079204320E+00  0.1413552887243785E+00
  0.3493040000000000E+00  0.6157484765939714E+00  0.1402534728371568E+00
  0.3532960000000000E+00  0.6022870856370481E+00  0.1391494856306335E+00
  0.3572880000000000E+00  0.5891305842888315E+00  0.1380436354741731E+00
  0.3612800000000000E+00  0.5762718022275107E+00  0.1369362247405454E+00
  0.3652720000000000E+00  0.5637037447088483E+00  0.1358275497531653E+00
  0.3692640000000000E+00  0.5514195878664090E+00  0.1347179007460770E+00
  0.3732560000000000E+00  0.5394126741699239E+00  0.1336075618243946E+00
  0.3772480000000000E+00  0.5276765080250160E+00  0.1324968109377581E+00
  0.3812400000000000E+00  0.5162047515281275E+00  0.1313859198602169E+00
  0.3852320000000000E+00  0.5049912203487507E+00  0.1302751541775299E+00
  0.3892240000000000E+00  0.4940298797593918E+00  0.1291647732821109E+00
  0.3932160000000000E+00  0.4833148407795396E+00  0.1280550303786659E+00
  0.3972080000000000E+00  0.4728403564555646E+00  0.1269461724933544E+00
  0.4012000000000000E+00  0.4626008182536943E+00  0.1258384404934390E+00
  0.4051920000000000E+00  0.4525907525639627E+00  0.1247320691125662E+00
  0.4091840000000000E+00  0.4428048173180651E+00  0.1236272869832889E+00
  0.4131760000000000E+00  0.4332377987052922E+00  0.1225243166750959E+00
  0.4171680000000000E+00  0.4238846079950314E+00  0.1214233747402679E+00
  0.4211600000000000E+00  0.4147402784415798E+00  0.1203246717630080E+00
  0.4251520000000000E+00  0.4057999622981138E+00  0.1192284124151725E+00
  0.4291440000000000E+00  0.3970589278951048E+00  0.1181347955169828E+00
  0.4331360000000000E+00  0.3885125568228946E+00  0.1170440141001177E+00
  0.4371280000000000E+00  0.3801563411783787E+00  0.1159562554776237E+00
  0.4411200000000000E+00  0.3719858808926801E+00  0.1148717013146374E+00
  0.4451120000000000E+00  0.3639968811336622E+00  0.1137905277036744E+00
  0.4491040000000000E+00  0.3561851497729099E+00  0.1127129052433299E+00
  0.4530960000000000E+00  0.3485465949206083E+00  0.1116389991175364E+00
  0.4570880000000000E+00  0.3410772225277879E+00  0.1105689691784756E+00
  0.4610800000000000E+00  0.3337731340410481E+00  0.1095029700305273E+00
  0.4650720000000000E+00  0.3266305241225116E+00  0.1084411511163127E+00
  0.4690640000000000E+00  0.3196456784255896E+00  0.1073836568032007E+00
  0.4730560000000000E+00  0.3128149714182354E+00  0.1063306264722084E+00
  0.4770480000000000E+00  0.3061348642599870E+00  0.1052821946048853E+00
  0.4810400000000000E+00  0.2996019027386119E+00  0.1042384908738304E+00
  0.4850320000000000E+00  0.2932127152336719E+00  0.1031996402317089E+00
  0.4890240000000000E+00  0.2869640107501823E+00  0.1021657630008133E+00
  0.4930160000000000E+00  0.2808525769766703E+00  0.1011369749620705E+00
  0.4970080000000000E+00  0.2748752783987480E+00  0.1001133874450636E+00
  0.5010000000000000E+00  0.2690290544495433E+00  0.9909510741598500E-01
  0.5049920000000000E+00  0.2633109177003045E+00  0.9808223756699785E-01
  0.5089840000000000E+00  0.2577179520946918E+00  0.9707487640277594E-01
  0.5129760000000000E+00  0.2522473112162527E+00  0.9607311832899246E-01
  0.5169680000000000E+00  0.2468962165980807E+00  0.9507705373711979E-01
  0.5209600000000000E+00  0.2416619560641541E+00  0.9408676909045847E-01
  0.5249520000000000E+00  0.2365418821137902E+00  0.9310234700906446E-01
  0.5289440000000000E+00  0.2315334103351822E+00  0.9212386635185095E-01
  0.5329360000000000E+00  0.2266340178553173E+00  0.9115140230014547E-01
  0.5369280000000000E+00  0.2218412418276496E+00  0.9018502643811299E-01
  0.5409200000000000E+00  0.2171526779458208E+00  0.8922480683334062E-01
  0.5449120000000000E+00  0.2125659789998723E+00  0.8827080811555839E-01
  0.5489039999999999E+00  0.2080788534572241E+00  0.8732309155423372E-01
  0.5528960000000001E+00  0.2036890640794665E+00  0.8638171513517919E-01
  0.5568880000000000E+00  0.1993944265723719E+00  0.8544673363625233E-01
  0.5608800000000000E+00  0.1951928082623594E+00  0.8451819870060806E-01
  0.5648720000000000E+00  0.1910821268083976E+00  0.8359615891045309E-01
  0.5688640000000000E+00  0.1870603489426088E+00  0.8268065985829114E-01
  0.5728560000000000E+00  0.1831254892415538E+00  0.8177174421732818E-01
  0.5768480000000000E+00  0.1792756089274062E+00  0.8086945181036913E-01
  0.5808400000000000E+00  0.1755088146959280E+00  0.7997381967856161E-01
  0.5848320000000000E+00  0.1718232575779108E+00  0.7908488214802893E-01
  0.5888240000000000E+00  0.1682171318261254E+00  0.7820267089500395E-01
  0.5928160000000000E+00  0.1646886738277686E+00  0.7732721501059873E-01
  0.5968080000000000E+00  0.1612361610544587E+00  0.7645854106445071E-01
  0.6008000000000000E+00  0.1578579110257360E+00  0.7559667316672858E-01
  0.6047920000000000E+00  0.1545522803082656E+00  0.7474163302942571E-01
  0.6087840000000000E+00  0.1513176635404208E+00  0.7389344002578173E-01
  0.6127760000000000E+00  0.1481524924808593E+00  0.7305211125001716E-01
  0.6167680000000000E+00  0.1450552350795036E+00  0.7221766157489728E-01
  0.6207600000000000E+00  0.1420243945809023E+00  0.7139010370881020E-01
  0.6247520000000000E+00  0.1390585086451453E+00  0.7056944825130292E-01
  0.6287440000000000E+00  0.1361561484915157E+00  0.6975570374816797E-01
  0.6327360000000000E+00  0.1333159180744244E+00  0.6894887674587007E-01
  0.6367280000000000E+00  0.1305364532691045E+00  0.6814897184363329E-01
  0.6407200000000000E+00  0.1278164210916740E+00  0.6735599174563471E-01
  0.6447120000000000E+00  0.1251545189295757E+00  0.6656993731300975E-01
  0.6487039999999999E+00  0.1225494738027055E+00  0.6579080761321432E-01
  0.6526960000000001E+00  0.1200000416365855E+00  0.6501859996935029E-01
  0.6566880000000000E+00  0.1175050065624313E+00  0.6425331000926555E-01
  0.6606800000000000E+00  0.1150631802312810E+00  0.6349493171264964E-01
  0.6646720000000000E+00  0.1126734011493908E+00  0.6274345745758551E-01
  0.6686640000000000E+00  0.1103345340310226E+00  0.6199887806749486E-01
  0.6726560000000000E+00  0.1080454691696051E+00  0.6126118285540046E-01
  0.6766480000000000E+00  0.1058051218245992E+00  0.6053035966822318E-01
  0.6806400000000000E+00  0.1036124316275426E+00  0.5980639493132826E-01
  0.6846320000000000E+00  0.1014663620017711E+00  0.5908927368983186E-01
  0.6886240000000000E+00  0.9936589959645185E-01  0.5837897965224018E-01
  0.6926160000000000E+00  0.9731005374348663E-01  0.5767549523037433E-01
  0.6966080000000000E+00  0.9529785591753696E-01  0.5697880158064658E-01
  0.7006000000000000E+00  0.9332835921847919E-01  0.5628887864363049E-01
  0.7045920000000000E+00  0.9140063786733421E-01  0.5560570518328885E-01
  0.7085840000000000E+00  0.8951378671159678E-01  0.5492925882521682E-01
  0.7125760000000000E+00  0.8766692074462679E-01  0.5425951609415117E-01
  0.7165680000000000E+00  0.8585917464088055E-01  0.5359645245117228E-01
  0.7205600000000000E+00  0.8408970229934631E-01  0.5294004232997166E-01
  0.7245520000000000E+00  0.8235767639769165E-01  0.5229025917195607E-01
  0.7285440000000000E+00  0.8066228796539754E-01  0.5164707546218938E-01
  0.7325360000000000E+00  0.7900274595747774E-01  0.5101046276250217E-01
  0.7365280000000000E+00  0.7737827684518302E-01  0.5038039174624635E-01
  0.7405200000000000E+00  0.7578812421876613E-01  0.4975683222957687E-01
  0.7445120000000000E+00  0.7423154839278734E-01  0.4913975320548639E-01
  0.7485039999999999E+00  0.7270782602724069E-01  0.4852912287455643E-01
  0.7524960000000001E+00  0.7121624975699199E-01  0.4792490867591740E-01
  0.7564880000000000E+00  0.6975612782741199E-01  0.4732707731798177E-01
  0.7604800000000000E+00  0.6832678374275740E-01  0.4673559480767834E-01
  0.7644720000000000E+00  0.6692755591990422E-01  0.4615042648086239E-01
  0.7684640000000000E+00  0.6555779735155405E-01  0.4557153702861990E-01
  0.7724560000000000E+00  0.6421687527959019E-01  0.4499889052779574E-01
  0.7764480000000000E+00  0.6290417087098159E-01  0.4443245046642522E-01
  0.7804400000000000E+00  0.6161907890680703E-01  0.4387217977113374E-01
  0.7844320000000000E+00  0.6036100747420470E-01  0.4331804083353378E-01
  0.7884240000000000E+00  0.5912937766986529E-01  0.4276999553562266E-01
  0.7924160000000000E+00  0.5792362330624901E-01  0.4222800527410708E-01
  0.7964080000000000E+00  0.5674319062743353E-01  0.4169203098667337E-01
  0.8004000000000000E+00  0.5558753802919547E-01  0.4116203317415460E-01
  0.8043920000000000E+00  0.5445613578867192E-01  0.4063797192428590E-01
  0.8083840000000000E+00  0.5334846579635914E-01  0.4011980693490239E-01
  0.8123760000000000E+00  0.5226402129799901E-01  0.3960749753613987E-01
  0.8163680000000000E+00  0.5120230664031725E-01  0.3910100271223301E-01
  0.8203600000000000E+00  0.5016283701999166E-01  0.3860028112213006E-01
  0.8243520000000000E+00  0.4914513824671177E-01  0.3810529112098730E-01
  0.8283440000000000E+00  0.4814874649891129E-01  0.3761599078001480E-01
  0.8323360000000000E+00  0.4717320809868841E-01  0.3713233790615270E-01
  0.8363280000000000E+00  0.4621807927986173E-01  0.3665429006116794E-01
  0.8403200000000000E+00  0.4528292597111309E-01  0.3618180458101931E-01
  0.8443120000000000E+00  0.4436732357598169E-01  0.3571483859333583E-01
  0.8483039999999999E+00  0.4347085676154613E-01  0.3525334903528673E-01
  0.8522960000000001E+00  0.4259311925481250E-01  0.3479729267162209E-01
  0.8562880000000000E+00  0.4173371363580092E-01  0.3434662611046072E-01
  0.8602800000000000E+00  0.4089225114260886E-01  0.3390130582071101E-01
  0.8642720000000000E+00  0.4006835147824198E-01  0.3346128814718326E-01
  0.8682640000000000E+00  0.3926164262050813E-01  0.3302652932659397E-01
  0.8722560000000000E+00  0.3847176063700486E-01  0.3259698550280706E-01
  0.8762480000000000E+00  0.3769834950574532E-01  0.3217261274089796E-01
  0.8802400000000000E+00  0.3694106093849955E-01  0.3175336704184817E-01
  0.8842320000000000E+00  0.3619955420616083E-01  0.3133920435667144E-01
  0.8882240000000000E+00  0.3547349597240309E-01  0.3093008059924755E-01
  0.8922160000000000E+00  0.3476256012777279E-01  0.3052595165977164E-01
  0.8962080000000000E+00  0.3406642762795172E-01  0.3012677341739615E-01
  0.9002000000000000E+00  0.3338478633712386E-01  0.2973250175267935E-01
  0.9041920000000000E+00  0.3271733087301495E-01  0.2934309255910872E-01
  0.9081840000000000E+00  0.3206376245618170E-01  0.2895850175523688E-01
  0.9121760000000000E+00  0.3142378876416915E-01  0.2857868529530213E-01
  0.9161680000000000E+00  0.3079712378528591E-01  0.2820359918084048E-01
  0.9201600000000000E+00  0.3018348768003287E-01  0.2783319947070447E-01
  0.9241520000000000E+00  0.2958260664329100E-01  0.2746744229143013E-01
  0.9281440000000000E+00  0.2899421276750728E-01  0.2710628384704084E-01
  0.9321360000000000E+00  0.2841804391460867E-01  0.2674968042870581E-01
  0.9361280000000000E+00  0.2785384358680535E-01  0.2639758842388806E-01
  0.9401200000000000E+00  0.2730136079908974E-01  0.2604996432598927E-01
  0.9441120000000000E+00  0.2676034995878081E-01  0.2570676474138045E-01
  0.9481039999999999E+00  0.2623057074555983E-01  0.2536794639954746E-01
  0.9520960000000001E+00  0.2571178799230115E-01  0.2503346615999558E-01
  0.9560880000000000E+00  0.2520377157324442E-01  0.2470328102081136E-01
  0.9600800000000000E+00  0.2470629629089993E-01  0.2437734812560481E-01
  0.9640720000000000E+00  0.2421914176576149E-01  0.2405562477067417E-01
  0.9680640000000000E+00  0.2374209233179725E-01  0.2373806841251088E-01
  0.9720560000000000E+00  0.2327493693011825E-01  0.2342463667454364E-01
  0.9760480000000000E+00  0.2281746900763126E-01  0.2311528735295957E-01
  0.9800400000000000E+00  0.2236948641752064E-01  0.2280997842376979E-01
  0.9840320000000000E+00  0.2193079132157368E-01  0.2250866804795078E-01
  0.9880240000000000E+00  0.2150119009550703E-01  0.2221131457777137E-01
  0.9920160000000000E+00  0.2108049323475266E-01  0.2191787656244444E-01
  0.9960080000000000E+00  0.2066851526563525E-01  0.2162831275325357E-01
  0.1000000000000000E+01  0.2026507465401213E-01  0.2134258210816735E-01
  0.1026491680839000E+01  0.1779150103100887E-01  0.1954058634402693E-01
  0.1056786161003000E+01  0.1535349006003887E-01  0.1766967789308471E-01
  0.1088703936712000E+01  0.1317108045132191E-01  0.1589994742946247E-01
  0.1121723800805000E+01  0.1126659995601513E-01  0.1426729128099210E-01
  0.1155588150741000E+01  0.9627629549882444E-02  0.1278234564574225E-01
  0.1190141050780000E+01  0.8230258245115364E-02  0.1144513760899568E-01
  0.1225277261537000E+01  0.7047158792099291E-02  0.1025029928972380E-01
  0.1260920678924000E+01  0.6051057346563434E-02  0.9189554255955393E-02
  0.1297013558176000E+01  0.5216318997155467E-02  0.8253103036804488E-02
  0.1333510502098000E+01  0.4519637510315293E-02  0.7430467132886605E-02
  0.1370374832331000E+01  0.3940264744223043E-02  0.6711028631602538E-02
  0.1407576264730000E+01  0.3459996246694167E-02  0.6084381956322456E-02
  0.1445089349019000E+01  0.3063029357087577E-02  0.5540561934561955E-02
  0.1482892381256000E+01  0.2735759347219332E-02  0.5070186900952391E-02
  0.1520966621941000E+01  0.2466551418622139E-02  0.4664541923441080E-02
  0.1559295718995000E+01  0.2245510424476479E-02  0.4315619328613536E-02
  0.1597865272400000E+01  0.2064260669455013E-02  0.4016128762063679E-02
  0.1636662499333000E+01  0.1915742327077511E-02  0.3759485729375197E-02
  0.1675675972292000E+01  0.1794027445341110E-02  0.3539785278584210E-02
  0.1714895411252000E+01  0.1694156323035489E-02  0.3351765807275938E-02
  0.1754311516553000E+01  0.1611993739854397E-02  0.3190766741443881E-02
  0.1793915832968000E+01  0.1544103784731724E-02  0.3052682883767421E-02
  0.1833700637965000E+01  0.1487641657734999E-02  0.2933917503413449E-02
  0.1873658848995000E+01  0.1440260676126644E-02  0.2831335681032887E-02
  0.1913783945901000E+01  0.1400032719216330E-02  0.2742218984659872E-02
  0.1954069905471000E+01  0.1365380430413824E-02  0.2664222222822347E-02
  0.1994511145848000E+01  0.1335019624785327E-02  0.2595332759102324E-02
  0.2035102478983000E+01  0.1307910504543523E-02  0.2533832678091467E-02
  0.2075839069744000E+01  0.1283216436695008E-02  0.2478263944742543E-02
  0.2116716400526000E+01  0.1260269201169635E-02  0.2427396585402882E-02
  0.2157730240489000E+01  0.1238539756328131E-02  0.2380199840376462E-02
  0.2198876618659000E+01  0.1217613697208630E-02  0.2335816179200219E-02
  0.2240151800332000E+01  0.1197170695966957E-02  0.2293538030200307E-02
  0.2281552266261000E+01  0.1176967314401848E-02  0.2252787051168418E-02
  0.2323074694242000E+01  0.1156822666262954E-02  0.2213095753538008E-02
  0.2364715942755000E+01  0.1136606483903328E-02  0.2174091287398058E-02
  0.2406473036380000E+01  0.1116229209543518E-02  0.2135481193899502E-02
  0.2448343152753000E+01  0.1095633788375988E-02  0.2097040938350077E-02
  0.2490323610866000E+01  0.1074788889877748E-02  0.2058603043218865E-02
  0.2532411860537000E+01  0.1053683325323203E-02  0.2020047653283572E-02
  0.2574605472910000E+01  0.1032321465474856E-02  0.1981294374752381E-02
  0.2616902131854000E+01  0.1010719492984452E-02  0.1942295242785728E-02
  0.2659299626176000E+01  0.9889023500393168E-03  0.1903028685516404E-02
  0.2701795842525000E+01  0.9669012640233787E-03  0.1863494363473060E-02
  0.2744388758938000E+01  0.9447517526114576E-03  0.1823708775660247E-02
  0.2787076438941000E+01  0.9224920257607285E-03  0.1783701535190132E-02
  0.2829857026150000E+01  0.9001617154061892E-03  0.1743512227104976E-02
  0.2872728739326000E+01  0.8778008750634179E-03  0.1703187770962890E-02
  0.2915689867825000E+01  0.8554492011142353E-03  0.1662780220053682E-02
  0.2958738767416000E+01  0.8331454355499368E-03  0.1622344936465107E-02
  0.3001873856427000E+01  0.8109269167286964E-03  0.1581939089072222E-02
  0.3045093612177000E+01  0.7888292503821434E-03  0.1541620428008220E-02
  0.3088396567689000E+01  0.7668860778144368E-03  0.1501446294718318E-02
  0.3131781308633000E+01  0.7451289222549992E-03  0.1461472832426721E-02
  0.3175246470497000E+01  0.7235870976097838E-03  0.1421754366217678E-02
  0.3218790735959000E+01  0.7022876666522559E-03  0.1382342925954437E-02
  0.3262412832440000E+01  0.6812554379941027E-03  0.1343287889280694E-02
  0.3306111529822000E+01  0.6605129931151685E-03  0.1304635724734102E-02
  0.3349885638326000E+01  0.6400807363194858E-03  0.1266429817988944E-02
  0.3393734006526000E+01  0.6199769618270105E-03  0.1228710366801560E-02
  0.3437655519494000E+01  0.6002179333134215E-03  0.1191514332100750E-02
  0.3481649097063000E+01  0.5808179721234954E-03  0.1154875434752065E-02
  0.3525713692196000E+01  0.5617895511404360E-03  0.1118824189034659E-02
  0.3569848289467000E+01  0.5431433919108162E-03  0.1083387965263714E-02
  0.3614051903620000E+01  0.5248885631524905E-03  0.1048591075239587E-02
  0.3658323578224000E+01  0.5070325791714814E-03  0.1014454875146377E-02
  0.3702662384408000E+01  0.4895814970689328E-03  0.9809978815227955E-03
  0.3747067419663000E+01  0.4725400118970018E-03  0.9482358965943379E-03
  0.3791537806719000E+01  0.4559115491373176E-03  0.9161821399049364E-03
  0.3836072692483000E+01  0.4396983540646004E-03  0.8848473838084613E-03
  0.3880671247037000E+01  0.4239015776954355E-03  0.8542400907526759E-03
  0.3925332662690000E+01  0.4085213591377104E-03  0.8243665507016938E-03
  0.3970056153079000E+01  0.3935569042422799E-03  0.7952310174400521E-03
  0.4014840952329000E+01  0.3790065605222654E-03  0.7668358426379650E-03
  0.4059686314240000E+01  0.3648678883697971E-03  0.7391816069349770E-03
  0.4104591511533000E+01  0.3511377286166163E-03  0.7122672473780598E-03
  0.4149555835123000E+01  0.3378122665333479E-03  0.6860901807562875E-03
  0.4194578593435000E+01  0.3248870923652765E-03  0.6606464224941669E-03
  0.4239659111753000E+01  0.3123572585231383E-03  0.6359307008683975E-03
  0.4284796731600000E+01  0.3002173335518826E-03  0.6119365663972502E-03
  0.4329990810147000E+01  0.2884614530037136E-03  0.5886564963218195E-03
  0.4375240719658000E+01  0.2770833673399054E-03  0.5660819941511172E-03
  0.4420545846947000E+01  0.2660764869924065E-03  0.5442036842989009E-03
  0.4465905592879000E+01  0.2554339246988395E-03  0.5230114018459566E-03
  0.4511319371877000E+01  0.2451485352384912E-03  0.5024942775309036E-03
  0.4556786611463000E+01  0.2352129526759479E-03  0.4826408180503091E-03
  0.4602306751816000E+01  0.2256196252257092E-03  0.4634389817941027E-03
  0.4647879245346000E+01  0.2163608478422573E-03  0.4448762501433909E-03
  0.4693503556296000E+01  0.2074287926332048E-03  0.4269396944613646E-03
  0.4739179160353000E+01  0.1988155371953608E-03  0.4096160389267351E-03
  0.4784905544280000E+01  0.1905130909630926E-03  0.3928917193499489E-03
  0.4830682205562000E+01  0.1825134196587063E-03  0.3767529381223529E-03
  0.4876508652067000E+01  0.1748084679296410E-03  0.3611857154467670E-03
  0.4922384401727000E+01  0.1673901802536999E-03  0.3461759369958691E-03
  0.4968308982220000E+01  0.1602505201948322E-03  0.3317093981534773E-03
  0.5014281930677000E+01  0.1533814880822594E-03  0.3177718449750655E-03
  0.5060302793397000E+01  0.1467751371905058E-03  0.3043490120193167E-03
  0.5106371125568000E+01  0.1404235884930138E-03  0.2914266571924613E-03
  0.5152486491010000E+01  0.1343190440576876E-03  0.2789905937403436E-03
  0.5198648461916000E+01  0.1284537991566387E-03  0.2670267195323698E-03
  0.5244856618613000E+01  0.1228202531541401E-03  0.2555210437647435E-03
  0.5291110549327000E+01  0.1174109192404090E-03  0.2444597112187970E-03
  0.5337409849959000E+01  0.1122184330740008E-03  0.2338290242000212E-03
  0.5383754123869000E+01  0.1072355603953012E-03  0.2236154622831791E-03
  0.5430142981663000E+01  0.1024552036720012E-03  0.2138056999857055E-03
  0.5476576041002000E+01  0.9787040783329567E-04  0.2043866224830080E-03
  0.5523052926401000E+01  0.9347436515317547E-04  0.1953453394869060E-03
  0.5569573269047000E+01  0.8926041933496113E-04  0.1866691973914685E-03
  0.5616136706617000E+01  0.8522206885245471E-04  0.1783457897973442E-03
  0.5662742883108000E+01  0.8135296959813598E-04  0.1703629665156871E-03
  0.5709391448671000E+01  0.7764693688887992E-04  0.1627088411528438E-03
  0.5756082059445000E+01  0.7409794687723494E-04  0.1553717973723989E-03
  0.5802814377408000E+01  0.7070013741280247E-04  0.1483404939240456E-03
  0.5849588070221000E+01  0.6744780839953586E-04  0.1416038685317725E-03
  0.5896402811091000E+01  0.6433542168896696E-04  0.1351511407221271E-03
  0.5943258278624000E+01  0.6135760055147318E-04  0.1289718136780395E-03
  0.5990154156692000E+01  0.5850912876190454E-04  0.1230556751920525E-03
  0.6037090134305000E+01  0.5578494933639317E-04  0.1173927977942243E-03
  0.6084065905483000E+01  0.5318016295480496E-04  0.1119735381254642E-03
  0.6131081169131000E+01  0.5069002610089831E-04  0.1067885356224632E-03
  0.6178135628925000E+01  0.4830994895021599E-04  0.1018287105765260E-03
  0.6225228993198000E+01  0.4603549303495232E-04  0.9708526162736067E-04
  0.6272360974825000E+01  0.4386236871260920E-04  0.9254966274817712E-04
  0.6319531291118000E+01  0.4178643246300902E-04  0.8821365977410062E-04
  0.6366739663724000E+01  0.3980368403747433E-04  0.8406926652466448E-04
  0.6413985818521000E+01  0.3791026348217523E-04  0.8010876056764887E-04
  0.6461269485525000E+01  0.3610244805534532E-04  0.7632467866701597E-04
  0.6508590398791000E+01  0.3437664905782907E-04  0.7270981195744176E-04
  0.6555948296322000E+01  0.3272940859370030E-04  0.6925720088247221E-04
  0.6603342919984000E+01  0.3115739627703811E-04  0.6596012993216354E-04
  0.6650774015417000E+01  0.2965740589985701E-04  0.6281212221395656E-04
  0.6698241331950000E+01  0.2822635207430058E-04  0.5980693388673297E-04
  0.6745744622523000E+01  0.2686126686127576E-04  0.5693854848616580E-04
  0.6793283643606000E+01  0.2555929639697639E-04  0.5420117116805152E-04
  0.6840858155125000E+01  0.2431769752707820E-04  0.5158922289289470E-04
  0.6888467920385000E+01  0.2313383445799822E-04  0.4909733457425486E-04
  0.6936112705998000E+01  0.2200517543317251E-04  0.4672034121038195E-04
  0.6983792281816000E+01  0.2092928944169461E-04  0.4445327601740631E-04
  0.7031506420860000E+01  0.1990384296603751E-04  0.4229136458104544E-04
  0.7079254899255000E+01  0.1892659677437014E-04  0.4023001904123886E-04
  0.7127037496165000E+01  0.1799540276266993E-04  0.3826483232344506E-04
  0.7174853993732000E+01  0.1710820085095267E-04  0.3639157242844614E-04
  0.7222704177013000E+01  0.1626301593754042E-04  0.3460617679162070E-04
  0.7270587833923000E+01  0.1545795491446110E-04  0.3290474672084954E-04
  0.7318504755175000E+01  0.1469120374688133E-04  0.3128354192174978E-04
  0.7366454734226000E+01  0.1396102461867484E-04  0.2973897511718384E-04
  0.7414437567223000E+01  0.1326575314606745E-04  0.2826760676757515E-04
  0.7462453052947000E+01  0.1260379566081106E-04  0.2686613989745444E-04
  0.7510500992765000E+01  0.1197362656381743E-04  0.2553141503247833E-04
  0.7558581190576000E+01  0.1137378575019897E-04  0.2426040525111491E-04
  0.7606693452764000E+01  0.1080287610598100E-04  0.2305021135366239E-04
  0.7654837588152000E+01  0.1025956107675638E-04  0.2189805715119547E-04
  0.7703013407952000E+01  0.9742562308268657E-05  0.2080128487634639E-04
  0.7751220725721000E+01  0.9250657358524955E-05  0.1975735071692559E-04
  0.7799459357318000E+01  0.8782677481028488E-05  0.1876382047327963E-04
  0.7847729120860000E+01  0.8337505478500092E-05  0.1781836533973176E-04
  0.7896029836678000E+01  0.7914073626272513E-05  0.1691875780997488E-04
  0.7944361327281000E+01  0.7511361664354098E-05  0.1606286770580844E-04
  0.7992723417312000E+01  0.7128394857253383E-05  0.1524865832873408E-04
  0.8041115933508999E+01  0.6764242120287922E-05  0.1447418273306611E-04
  0.8089538704670000E+01  0.6418014211153984E-05  0.1373758011925134E-04
  0.8137991561612001E+01  0.6088861985514071E-05  0.1303707234598044E-04
  0.8186474337138000E+01  0.5775974715118015E-05  0.1237096055908951E-04
  0.8234986866002000E+01  0.5478578467103979E-05  0.1173762193546249E-04
  0.8283528984870999E+01  0.5195934543006586E-05  0.1113550653982816E-04
  0.8332100532294000E+01  0.4927337975906626E-05  0.1056313429208553E-04
  0.8380701348668000E+01  0.4672116084258722E-05  0.1001909204295167E-04
  0.8429331276208000E+01  0.4429627080811457E-05  0.9502030755408934E-05
  0.8477990158912000E+01  0.4199258735113603E-05  0.9010662789545481E-05
  0.8526677842534999E+01  0.3980427087977903E-05  0.8543759288071722E-05
  0.8575394174554001E+01  0.3772575216435639E-05  0.8100147660091809E-05
  0.8624139004142000E+01  0.3575172047546862E-05  0.7678709160305657E-05
  0.8672912182138001E+01  0.3387711219589679E-05  0.7278376561111761E-05
  0.8721713561022000E+01  0.3209709989066927E-05  0.6898131914858978E-05
  0.8770542994884000E+01  0.3040708182067985E-05  0.6537004403669559E-05
  0.8819400339396999E+01  0.2880267188461169E-05  0.6194068274086686E-05
  0.8868285451794000E+01  0.2727968997461081E-05  0.5868440853912172E-05
  0.8917198190842999E+01  0.2583415273156976E-05  0.5559280648658293E-05
  0.8966138416814999E+01  0.2446226468605783E-05  0.5265785515043885E-05
  0.9015105991470000E+01  0.2316040977039405E-05  0.4987190908822235E-05
  0.9064100778025001E+01  0.2192514318944703E-05  0.4722768204647373E-05
  0.9113122641131000E+01  0.2075318363619495E-05  0.4471823085329118E-05
  0.9162171446858000E+01  0.1964140583931282E-05  0.4233693998068123E-05
  0.9211247062662000E+01  0.1858683343088788E-05  0.4007750675418199E-05
  0.9260349357370000E+01  0.1758663212122547E-05  0.3793392718459556E-05
  0.9309478201156001E+01  0.1663810316956124E-05  0.3590048240043971E-05
  0.9358633465522001E+01  0.1573867713886330E-05  0.3397172565819808E-05
  0.9407815023274001E+01  0.1488590792377178E-05  0.3214246990913107E-05
  0.9457022748506001E+01  0.1407746704061817E-05  0.3040777590102651E-05
  0.9506256516575000E+01  0.1331113816935125E-05  0.2876294079502282E-05
  0.9555516204088001E+01  0.1258481193686964E-05  0.2720348727679417E-05
  0.9604801688877000E+01  0.1189648093233957E-05  0.2572515314358108E-05
  0.9654112849986999E+01  0.1124423494462294E-05  0.2432388134744917E-05
  0.9703449567649001E+01  0.1062625641305776E-05  0.2299581047745260E-05
  0.9752811723272000E+01  0.1004081608227541E-05  0.2173726566207344E-05
  0.9802199199419000E+01  0.9486268852986410E-06  0.2054474987589037E-05
  0.9851611879789999E+01  0.8961049820190077E-06  0.1941493563331844E-05
  0.9901049649209000E+01  0.8463670490931886E-06  0.1834465705361153E-05
  0.9950512393606999E+01  0.7992715174052211E-06  0.1733090228192818E-05
  0.1000000000000000E+02  0.7546837534556555E-06  0.1637080625159126E-05
  0.1005000000000000E+02  0.7120715522886051E-06  0.1545293623839104E-05
  0.1010000000000000E+02  0.6717805467980173E-06  0.1458476360025610E-05
  0.1015000000000000E+02  0.6336883216119548E-06  0.1376368081350885E-05
  0.1020000000000000E+02  0.5976787509188836E-06  0.1298721368945955E-05
  0.1025000000000000E+02  0.5636416812305958E-06  0.1225301468749214E-05
  0.1030000000000000E+02  0.5314726299261010E-06  0.1155885655781766E-05
  0.1035000000000000E+02  0.5010724988069845E-06  0.1090262629806981E-05
  0.1040000000000000E+02  0.4723473019305333E-06  0.1028231940863491E-05
  0.1045000000000000E+02  0.4452079070212872E-06  0.9696034432294920E-06
  0.1050000000000000E+02  0.4195697897945411E-06  0.9141967764422785E-06
  0.1055000000000000E+02  0.3953528005568133E-06  0.8618408720603753E-06
  0.1060000000000000E+02  0.3724809424784117E-06  0.8123734849162937E-06
  0.1065000000000000E+02  0.3508821609620451E-06  0.7656407476662928E-06
  0.1070000000000000E+02  0.3304881435589808E-06  0.7214967474992938E-06
  0.1075000000000000E+02  0.3112341299105581E-06  0.6798031239205335E-06
  0.1080000000000000E+02  0.2930587312180734E-06  0.6404286865768013E-06
  0.1085000000000000E+02  0.2759037587680154E-06  0.6032490521389227E-06
  0.1090000000000000E+02  0.2597140610626245E-06  0.5681462993041251E-06
  0.1095000000000000E+02  0.2444373691276205E-06  0.5350086410255993E-06
  0.1100000000000000E+02  0.2300241495898349E-06  0.5037301131193702E-06
  0.1105000000000000E+02  0.2164274651374282E-06  0.4742102784395132E-06
  0.1110000000000000E+02  0.2036028419943513E-06  0.4463539458517276E-06
  0.1115000000000000E+02  0.1915081440588491E-06  0.4200709032725822E-06
  0.1120000000000000E+02  0.1801034533730616E-06  0.3952756640773211E-06
  0.1125000000000000E+02  0.1693509566072160E-06  0.3718872262130212E-06
  0.1130000000000000E+02  0.1592148372576001E-06  0.3498288433862986E-06
  0.1135000000000000E+02  0.1496611732723944E-06  0.3290278077255847E-06
  0.1140000000000000E+02  0.1406578398336822E-06  0.3094152433474413E-06
  0.1145000000000000E+02  0.1321744170374578E-06  0.2909259102844169E-06
  0.1150000000000000E+02  0.1241821022263249E-06  0.2734980182586291E-06
  0.1155000000000000E+02  0.1166536267418379E-06  0.2570730498107513E-06
  0.1160000000000000E+02  0.1095631768750610E-06  0.2415955923182629E-06
  0.1165000000000000E+02  0.1028863188050238E-06  0.2270131784599199E-06
  0.1170000000000000E+02  0.9659992732526537E-07  0.2132761347053588E-06
  0.1175000000000000E+02  0.9068211816868906E-07  0.2003374374296238E-06
  0.1180000000000000E+02  0.8511218375045699E-07  0.1881525762723175E-06
  0.1185000000000000E+02  0.7987053215771211E-07  0.1766794243799685E-06
  0.1190000000000000E+02  0.7493862922350276E-07  0.1658781151882095E-06
  0.1195000000000000E+02  0.7029894353046676E-07  0.1557109254174723E-06
  0.1200000000000000E+02  0.6593489419757500E-07  0.1461421639721566E-06
  0.1205000000000000E+02  0.6183080131062550E-07  0.1371380664487191E-06
  0.1210000000000000E+02  0.5797183886416399E-07  0.1286666949728034E-06
  0.1215000000000000E+02  0.5434399008916553E-07  0.1206978430995219E-06
  0.1220000000000000E+02  0.5093400504712522E-07  0.1132029455242710E-06
  0.1225000000000000E+02  0.4772936037719399E-07  0.1061549923640724E-06
  0.1230000000000000E+02  0.4471822108869942E-07  0.9952844778142962E-07
  0.1235000000000000E+02  0.4188940429678231E-07  0.9329917273406474E-07
  0.1240000000000000E+02  0.3923234480402088E-07  0.8744435164472463E-07
  0.1245000000000000E+02  0.3673706243577790E-07  0.8194242279552465E-07
  0.1250000000000000E+02  0.3439413104163027E-07  0.7677301226103745E-07
  0.1255000000000000E+02  0.3219464907962991E-07  0.7191687120363351E-07
  0.1260000000000000E+02  0.3013021170430693E-07  0.6735581636334977E-07
  0.1265000000000000E+02  0.2819288428328300E-07  0.6307267358294580E-07
  0.1270000000000000E+02  0.2637517727111229E-07  0.5905122421673620E-07
  0.1275000000000000E+02  0.2467002237252987E-07  0.5527615427932171E-07
  0.1280000000000000E+02  0.2307074993067066E-07  0.5173300619751047E-07
  0.1285000000000000E+02  0.2157106747902741E-07  0.4840813303550857E-07
  0.1290000000000000E+02  0.2016503939896606E-07  0.4528865506991944E-07
  0.1295000000000000E+02  0.1884706762750733E-07  0.4236241859722160E-07
  0.1300000000000000E+02  0.1761187336282952E-07  0.3961795686221155E-07
  0.1305000000000000E+02  0.1645447971755320E-07  0.3704445300143100E-07
  0.1310000000000000E+02  0.1537019527234544E-07  0.3463170490084492E-07
  0.1315000000000000E+02  0.1435459848472913E-07  0.3237009187202455E-07
  0.1320000000000000E+02  0.1340352291021675E-07  0.3025054305582485E-07
  0.1325000000000000E+02  0.1251304319500500E-07  0.2826450746704344E-07
  0.1330000000000000E+02  0.1167946180148255E-07  0.2640392559782275E-07
  0.1335000000000000E+02  0.1089929642971245E-07  0.2466120250161410E-07
  0.1340000000000000E+02  0.1016926809986906E-07  0.2302918228337984E-07
  0.1345000000000000E+02  0.9486289862334095E-08  0.2150112392537417E-07
  0.1350000000000000E+02  0.8847456103796295E-08  0.2007067838132222E-07
  0.1355000000000000E+02  0.8250032419257425E-08  0.1873186687512770E-07
  0.1360000000000000E+02  0.7691446021327392E-08  0.1747906034338127E-07
  0.1365000000000000E+02  0.7169276659599517E-08  0.1630695996393050E-07
  0.1370000000000000E+02  0.6681248024234328E-08  0.1521057871561313E-07
  0.1375000000000000E+02  0.6225219609151672E-08  0.1418522391695237E-07
  0.1380000000000000E+02  0.5799179011441062E-08  0.1322648069418379E-07
  0.1385000000000000E+02  0.5401234644748952E-08  0.1233019633141904E-07
  0.1390000000000000E+02  0.5029608845495725E-08  0.1149246545807557E-07
  0.1395000000000000E+02  0.4682631351815115E-08  0.1070961603090625E-07
  0.1400000000000000E+02  0.4358733136097343E-08  0.9978196070061281E-08
  0.1405000000000000E+02  0.4056440572959059E-08  0.9294961110611864E-08
  0.1410000000000000E+02  0.3774369925357686E-08  0.8656862332862251E-08
  0.1415000000000000E+02  0.3511222132419916E-08  0.8061035336583654E-08
  0.1420000000000000E+02  0.3265777883364453E-08  0.7504789526021859E-08
  0.1425000000000000E+02  0.3036892962670225E-08  0.6985598074164367E-08
  0.1430000000000000E+02  0.2823493852375523E-08  0.6501088436309276E-08
  0.1435000000000000E+02  0.2624573578091800E-08  0.6049033384457634E-08
  0.1440000000000000E+02  0.2439187785980947E-08  0.5627342535460080E-08
  0.1445000000000000E+02  0.2266451038577766E-08  0.5234054347188860E-08
  0.1450000000000000E+02  0.2105533317941553E-08  0.4867328558282104E-08
  0.1455000000000000E+02  0.1955656725194590E-08  0.4525439048222118E-08
  0.1460000000000000E+02  0.1816092366050946E-08  0.4206767095664426E-08
  0.1465000000000000E+02  0.1686157412458877E-08  0.3909795014035394E-08
  0.1470000000000000E+02  0.1565212330974981E-08  0.3633100144462969E-08
  0.1475000000000000E+02  0.1452658268959187E-08  0.3375349187102136E-08
  0.1480000000000000E+02  0.1347934590128176E-08  0.3135292852865701E-08
  0.1485000000000000E+02  0.1250516551431772E-08  0.2911760818474219E-08
  0.1490000000000000E+02  0.1159913113623252E-08  0.2703656968598846E-08
  0.1495000000000000E+02  0.1075664878281471E-08  0.2509954909689541E-08
  0.1500000000000000E+02  0.9973421444108984E-09  0.2329693740859822E-08
  0.1505000000000000E+02  0.9245430780964448E-09  0.2161974067941402E-08
  0.1510000000000000E+02  0.8568919890233861E-09  0.2005954247527485E-08
  0.1515000000000000E+02  0.7940377079905499E-09  0.1860846848495637E-08
  0.1520000000000000E+02  0.7356520598470217E-09  0.1725915319140529E-08
  0.1525000000000000E+02  0.6814284265702953E-09  0.1600470848655193E-08
  0.1530000000000000E+02  0.6310803954775323E-09  0.1483869412278795E-08
  0.1535000000000000E+02  0.5843404878219334E-09  0.1375508989979654E-08
  0.1540000000000000E+02  0.5409589632739501E-09  0.1274826949066619E-08
  0.1545000000000000E+02  0.5007026960227781E-09  0.1181297581620695E-08
  0.1550000000000000E+02  0.4633541184575557E-09  0.1094429788113091E-08
  0.1555000000000000E+02  0.4287102286009681E-09  0.1013764899027288E-08
  0.1560000000000000E+02  0.3965816576704585E-09  0.9388746267317424E-09
  0.1565000000000000E+02  0.3667917943350225E-09  0.8693591402580512E-09
  0.1570000000000000E+02  0.3391759624186070E-09  0.8048452560273644E-09
  0.1575000000000000E+02  0.3135806489752043E-09  0.7449847379366651E-09
  0.1580000000000000E+02  0.2898627798261172E-09  0.6894527005672758E-09
  0.1585000000000000E+02  0.2678890398069579E-09  0.6379461096109987E-09
  0.1590000000000000E+02  0.2475352351211979E-09  0.5901823739260655E-09
  0.1595000000000000E+02  0.2286856953388230E-09  0.5458980239358063E-09
  0.1600000000000000E+02  0.2112327127131947E-09  0.5048474713686793E-09
  0.1605000000000000E+02  0.1950760166169983E-09  0.4668018456097192E-09
  0.1610000000000000E+02  0.1801222810193757E-09  0.4315479021910630E-09
  0.1615000000000000E+02  0.1662846630414209E-09  0.3988869991938977E-09
  0.1620000000000000E+02  0.1534823707363330E-09  0.3686341375662872E-09
  0.1625000000000000E+02  0.1416402583440827E-09  0.3406170615817612E-09
  0.1630000000000000E+02  0.1306884473685646E-09  0.3146754158724631E-09
  0.1635000000000000E+02  0.1205619719183128E-09  0.2906599556690646E-09
  0.1640000000000000E+02  0.1112004468400449E-09  0.2684318070676422E-09
  0.1645000000000000E+02  0.1025477572578639E-09  0.2478617743219844E-09
  0.1650000000000000E+02  0.9455176821015301E-10  0.2288296913288752E-09
  0.1655000000000000E+02  0.8716405315115492E-10  0.2112238146339886E-09
  0.1660000000000000E+02  0.8033964015523907E-10  0.1949402554378354E-09
  0.1665000000000000E+02  0.7403677472906905E-10  0.1798824482249218E-09
  0.1670000000000000E+02  0.6821669820046927E-10  0.1659606537754130E-09
  0.1675000000000000E+02  0.6284344071297421E-10  0.1530914944474885E-09
  0.1680000000000000E+02  0.5788362791193793E-10  0.1411975197405275E-09
  0.1685000000000000E+02  0.5330630046190351E-10  0.1302068002647385E-09
  0.1690000000000000E+02  0.4908274558579791E-10  0.1200525483520272E-09
  0.1695000000000000E+02  0.4518633986457911E-10  0.1106727636461807E-09
  0.1700000000000000E+02  0.4159240258139662E-10  0.1020099021081249E-09
  0.1705000000000000E+02  0.3827805893720062E-10  0.9401056696429571E-10
  0.1710000000000000E+02  0.3522211250525123E-10  0.8662522021342893E-10
  0.1715000000000000E+02  0.3240492633020658E-10  0.7980791338947949E-10
  0.1720000000000000E+02  0.2980831211354617E-10  0.7351603635623305E-10
  0.1725000000000000E+02  0.2741542696112340E-10  0.6771008298267515E-10
  0.1730000000000000E+02  0.2521067720073899E-10  0.6235343261756555E-10
  0.1735000000000000E+02  0.2317962880789513E-10  0.5741214634715541E-10
  0.1740000000000000E+02  0.2130892400641423E-10  0.5285477708175364E-10
  0.1745000000000000E+02  0.1958620363748668E-10  0.4865219257511805E-10
  0.1750000000000000E+02  0.1800003491603422E-10  0.4477741053559033E-10
  0.1755000000000000E+02  0.1653984421711659E-10  0.4120544503967126E-10
  0.1760000000000000E+02  0.1519585455756100E-10  0.3791316350754691E-10
  0.1765000000000000E+02  0.1395902745911872E-10  0.3487915354604458E-10
  0.1770000000000000E+02  0.1282100889932914E-10  0.3208359900779857E-10
  0.1775000000000000E+02  0.1177407907497144E-10  0.2950816465618177E-10
  0.1780000000000000E+02  0.1081110572055782E-10  0.2713588886392150E-10
  0.1785000000000000E+02  0.9925500740852113E-11  0.2495108380943892E-10
  0.1790000000000000E+02  0.9111179931922321E-11  0.2293924266891399E-10
  0.1795000000000000E+02  0.8362525579825145E-11  0.2108695333402264E-10
  0.1800000000000000E+02  0.7674351739719747E-11  0.1938181821533068E-10
  0.1805000000000000E+02  0.7041872011069709E-11  0.1781237971954972E-10
  0.1810000000000000E+02  0.6460669636664680E-11  0.1636805101538903E-10
  0.1815000000000000E+02  0.5926669764519538E-11  0.1503905172764681E-10
  0.1820000000000000E+02  0.5436113722332869E-11  0.1381634822257898E-10
  0.1825000000000000E+02  0.4985535164150125E-11  0.1269159816954801E-10
  0.1830000000000000E+02  0.4571737958214257E-11  0.1165709908456096E-10
  0.1835000000000000E+02  0.4191775693739659E-11  0.1070574058064723E-10
  0.1840000000000000E+02  0.3842932692543885E-11  0.9830960068160849E-11
  0.1845000000000000E+02  0.3522706419150533E-11  0.9026701665100026E-11
  0.1850000000000000E+02  0.3228791190166569E-11  0.8287378093477215E-11
  0.1855000000000000E+02  0.2959063090466257E-11  0.7607835352711283E-11
  0.1860000000000000E+02  0.2711566010011305E-11  0.6983319975009140E-11
  0.1865000000000000E+02  0.2484498721026477E-11  0.6409448680810346E-11
  0.1870000000000000E+02  0.2276202920758274E-11  0.5882180264639821E-11
  0.1875000000000000E+02  0.2085152170193732E-11  0.5397789553200779E-11
  0.1880000000000000E+02  0.1909941663928468E-11  0.4952843288286488E-11
  0.1885000000000000E+02  0.1749278770869964E-11  0.4544177797145390E-11
  0.1890000000000000E+02  0.1601974289661219E-11  0.4168878322335157E-11
  0.1895000000000000E+02  0.1466934366631593E-11  0.3824259891892433E-11
  0.1900000000000000E+02  0.1343153027742096E-11  0.3507849618860941E-11
  0.1905000000000000E+02  0.1229705279408058E-11  0.3217370326896508E-11
  0.1910000000000000E+02  0.1125740736269202E-11  0.2950725405839188E-11
  0.1915000000000000E+02  0.1030477736949000E-11  0.2705984807838212E-11
  0.1920000000000000E+02  0.9431979116162687E-12  0.2481372100867002E-11
  0.1925000000000000E+02  0.8632411677449775E-12  0.2275252502299870E-11
  0.1930000000000000E+02  0.7900010628747764E-12  0.2086121820665218E-11
  0.1935000000000000E+02  0.7229205354170112E-12  0.1912596238767926E-11
  0.1940000000000000E+02  0.6614879666387907E-12  0.1753402876108206E-11
  0.1945000000000000E+02  0.6052335489015730E-12  0.1607371072937959E-11
  0.1950000000000000E+02  0.5537259370401048E-12  0.1473424342409695E-11
  0.1955000000000000E+02  0.5065691614508546E-12  0.1350572941105285E-11
  0.1960000000000000E+02  0.4633997830251821E-12  0.1237907011802123E-11
  0.1965000000000000E+02  0.4238842715187119E-12  0.1134590255658517E-11
  0.1970000000000000E+02  0.3877165903022152E-12  0.1039854094094704E-11
  0.1975000000000000E+02  0.3546159716977020E-12  0.9529922835263607E-12
  0.1980000000000000E+02  0.3243248682724541E-12  0.8733559487868526E-12
  0.1985000000000000E+02  0.2966070665498920E-12  0.8003490035674649E-12
  0.1990000000000000E+02  0.2712459506046376E-12  0.7334239285225880E-12
  0.1995000000000000E+02  0.2480429039454422E-12  0.6720778798417608E-12
  0.2000000000000000E+02  0.2268158389587004E-12  0.6158491030933149E-12
  0.2014000000000000E+02  0.1765241874526760E-12  0.4821549386086124E-12
  0.2028000000000000E+02  0.1373534873350124E-12  0.3774519922166130E-12
  0.2042000000000000E+02  0.1068581693374746E-12  0.2954806220600356E-12
  0.2056000000000000E+02  0.8312588478477331E-13  0.2313224390800857E-12
  0.2070000000000000E+02  0.6466259439980285E-13  0.1811160852356540E-12
  0.2084000000000000E+02  0.5030205315408318E-13  0.1418323654085094E-12
  0.2098000000000000E+02  0.3913460661719001E-13  0.1110965640199249E-12
  0.2112000000000000E+02  0.3045125053751618E-13  0.8704821686259373E-13
  0.2126000000000000E+02  0.2369973604901538E-13  0.6823057219922158E-13
  0.2140000000000000E+02  0.1845016745089109E-13  0.5350355265296151E-13
  0.2154000000000000E+02  0.1436807015531122E-13  0.4197529437059174E-13
  0.2168000000000000E+02  0.1119332933327244E-13  0.3294835244595316E-13
  0.2182000000000000E+02  0.8723736259754897E-14  0.2587747058875027E-13
  0.2196000000000000E+02  0.6802146565597165E-14  0.2033645829404602E-13
  0.2210000000000000E+02  0.5306466434467372E-14  0.1599223257464309E-13
  0.2224000000000000E+02  0.4141850430139822E-14  0.1258448977119755E-13
  0.2238000000000000E+02  0.3234627099276562E-14  0.9909797135837310E-14
  0.2252000000000000E+02  0.2527572985830531E-14  0.7809150781654466E-14
  0.2266000000000000E+02  0.1976237992968868E-14  0.6158249861919593E-14
  0.2280000000000000E+02  0.1546089752800740E-14  0.4859897449971177E-14
  0.2294000000000000E+02  0.1210295493004085E-14  0.3838065311305312E-14
  0.2308000000000000E+02  0.9479997505559545E-15  0.3033259609484902E-14
  0.2322000000000000E+02  0.7429875012624419E-15  0.2398903164351494E-14
  0.2336000000000000E+02  0.5826466925769761E-15  0.1898511641792128E-14
  0.2350000000000000E+02  0.4571632443670924E-15  0.1503489541895846E-14
  0.2364000000000000E+02  0.3588964693900759E-15  0.1191409878043287E-14
  0.2378000000000000E+02  0.2818944701680244E-15  0.9446712303518371E-15
  0.2392000000000000E+02  0.2215181063274805E-15  0.7494491742900499E-15
  0.2406000000000000E+02  0.1741491578644504E-15  0.5948773200236811E-15
  0.2420000000000000E+02  0.1369637758452265E-15  0.4724074467981643E-15
  0.2434000000000000E+02  0.1077565579821766E-15  0.3753093428154541E-15
  0.2448000000000000E+02  0.8480388242598189E-16  0.2982796434923485E-15
  0.2462000000000000E+02  0.6675769002216875E-16  0.2371357327575847E-15
  0.2476000000000000E+02  0.5256288786292893E-16  0.1885760512175495E-15
  0.2490000000000000E+02  0.4139308357010053E-16  0.1499922690858160E-15
  0.2504000000000000E+02  0.3260055029052248E-16  0.1193219869916986E-15
  0.2518000000000000E+02  0.2567724457824849E-16  0.9493312448234451E-16
  0.2532000000000000E+02  0.2022441355464212E-16  0.7553310066412616E-16
  0.2546000000000000E+02  0.1592888084512931E-16  0.6009742607873602E-16
  0.2560000000000000E+02  0.1254452914386205E-16  0.4781350477429515E-16
  0.2574000000000000E+02  0.9877829032970182E-17  0.3803636479293912E-16
  0.2588000000000000E+02  0.7776520709380468E-17  0.3025375172486788E-16
  0.2602000000000000E+02  0.6120754449422851E-17  0.2405857854477573E-16
  0.2616000000000000E+02  0.4816150048731720E-17  0.1912716064185693E-16
  0.2630000000000000E+02  0.3788355231069202E-17  0.1520200499942280E-16
  0.2644000000000000E+02  0.2978775951302982E-17  0.1207818804509850E-16
  0.2658000000000000E+02  0.2341223677874990E-17  0.9592564241730869E-17
  0.2672000000000000E+02  0.1839280809824415E-17  0.7615209826728485E-17
  0.2686000000000000E+02  0.1444228983222917E-17  0.6042633192626774E-17
  0.2700000000000000E+02  0.1133418952297493E-17  0.4792382982090707E-17
  0.2714000000000000E+02  0.8889871584823589E-18  0.3798763075897193E-17
  0.2728000000000000E+02  0.6968447034049089E-18  0.3009424977012697E-17
  0.2742000000000000E+02  0.5458805181980626E-18  0.2382656294403033E-17
  0.2756000000000000E+02  0.4273330778645554E-18  0.1885221956864704E-17
  0.2770000000000000E+02  0.3342948258820491E-18  0.1490644663075644E-17
  0.2784000000000000E+02  0.2613211561201710E-18  0.1177834634629840E-17
  0.2798000000000000E+02  0.2041218164093431E-18  0.9299973399120256E-18
  0.2812000000000000E+02  0.1593173159639333E-18  0.7337625586301341E-18
  0.2826000000000000E+02  0.1242466213761876E-18  0.5784897897323915E-18
  0.2840000000000000E+02  0.9681533421275023E-19  0.4557142198129259E-18
  0.2854000000000000E+02  0.7537582970957349E-19  0.3587047753326133E-18
  0.2868000000000000E+02  0.5863263512619651E-19  0.2821115809484717E-18
  0.2882000000000000E+02  0.4556774298819971E-19  0.2216847532361605E-18
  0.2896000000000000E+02  0.3538167080645570E-19  0.1740501223608723E-18
  0.2910000000000000E+02  0.2744695915978455E-19  0.1365303895209380E-18
  0.2924000000000000E+02  0.2127149459930330E-19  0.1070025497497715E-18
  0.2938000000000000E+02  0.1646959215678251E-19  0.8378426001766714E-19
  0.2952000000000000E+02  0.1273920531133614E-19  0.6554330814520535E-19
  0.2966000000000000E+02  0.9843973448655484E-20  0.5122551537090997E-19
  0.2980000000000000E+02  0.7599087298059075E-20  0.3999734522059516E-19
  0.2994000000000000E+02  0.5860166643919013E-20  0.3120024181283354E-19
  0.3008000000000000E+02  0.4514513670883459E-20  0.2431432022364832E-19
  0.3022000000000000E+02  0.3474238995517615E-20  0.1892951051312964E-19
  0.3036000000000000E+02  0.2670863163105856E-20  0.1472263976874631E-19
  0.3050000000000000E+02  0.2051079994049615E-20  0.1143924239895219E-19
  0.3064000000000000E+02  0.1573434270072023E-20  0.8879133355091608E-20
  0.3078000000000000E+02  0.1205718509682385E-20  0.6884974293655926E-20
  0.3092000000000000E+02  0.9229348850118768E-21  0.5333218758359168E-20
  0.3106000000000000E+02  0.7057009650606084E-21  0.4126947129024264E-20
  0.3120000000000000E+02  0.5390037437095507E-21  0.3190201641464877E-20
  0.3134000000000000E+02  0.4112267575832070E-21  0.2463511259799925E-20
  0.3148000000000000E+02  0.3133911536316114E-21  0.1900359604314279E-20
  0.3162000000000000E+02  0.2385642275286268E-21  0.1464399724215397E-20
  0.3176000000000000E+02  0.1813989329656622E-21  0.1127259832297361E-20
  0.3190000000000000E+02  0.1377757217685569E-21  0.8668162497496680E-21
  0.3204000000000000E+02  0.1045242611833867E-21  0.6658353942551358E-21
  0.3218000000000000E+02  0.7920744034172921E-22  0.5109070033419218E-21
  0.3232000000000000E+02  0.5995390180010980E-22  0.3916069737561121E-21
  0.3246000000000000E+02  0.4532833673302593E-22  0.2998410609193777E-21
  0.3260000000000000E+02  0.3423113817273577E-22  0.2293308954291979E-21
  0.3274000000000000E+02  0.2582085333330898E-22  0.1752118754886465E-21
  0.3288000000000000E+02  0.1945432223630208E-22  0.1337189159517140E-21
  0.3302000000000000E+02  0.1464052132981862E-22  0.1019411202424454E-21
  0.3316000000000000E+02  0.1100501517094019E-22  0.7763046510209330E-22
  0.3330000000000000E+02  0.8262609784055740E-23  0.5905276865721944E-22
  0.3344000000000000E+02  0.6196339938296312E-23  0.4487172393073138E-22
  0.3358000000000000E+02  0.4641342278299256E-23  0.3405876134994487E-22
  0.3372000000000000E+02  0.3472492903155760E-23  0.2582306537902273E-22
  0.3386000000000000E+02  0.2594941959032827E-23  0.1955729981121111E-22
  0.3400000000000000E+02  0.1936875044906861E-23  0.1479556313544250E-22
  0.3414000000000000E+02  0.1443984228078786E-23  0.1118085498869679E-22
  0.3428000000000000E+02  0.1075250010847877E-23  0.8439930809399296E-23
  0.3442000000000000E+02  0.7997273322896247E-24  0.6363889092485862E-23
  0.3456000000000000E+02  0.5940996049862074E-24  0.4793201542933694E-23
  0.3470000000000000E+02  0.4408195379061761E-24  0.3606182607378238E-23
  0.3484000000000000E+02  0.3266977167260556E-24  0.2710118444119867E-23
  0.3498000000000000E+02  0.2418324300047508E-24  0.2034449863670145E-23
  0.3512000000000000E+02  0.1787992428024891E-24  0.1525539763765990E-23
  0.3526000000000000E+02  0.1320380363432081E-24  0.1142661457490843E-23
  0.3540000000000000E+02  0.9738997779574148E-25  0.8549266236169486E-24
  0.3554000000000000E+02  0.7174818441204510E-25  0.6389355544647075E-24
  0.3568000000000000E+02  0.5279449514794010E-25  0.4769819845194618E-24
  0.3582000000000000E+02  0.3880137412680660E-25  0.3556832216747887E-24
  0.3596000000000000E+02  0.2848301749042965E-25  0.2649360512699447E-24
  0.3610000000000000E+02  0.2088358337934681E-25  0.1971218780035511E-24
  0.3624000000000000E+02  0.1529339503959181E-25  0.1465023239358244E-24
  0.3638000000000000E+02  0.1118619544121553E-25  0.1087601903610269E-24
  0.3652000000000000E+02  0.8172224230135379E-26  0.8065123458769928E-25
  0.3666000000000000E+02  0.5963171547824641E-26  0.5974032280599898E-25
  0.3680000000000000E+02  0.4346035678802588E-26  0.4420175110434620E-25
  0.3694000000000000E+02  0.3163647144227314E-26  0.3266830789966753E-25
  0.3708000000000000E+02  0.2300177669828536E-26  0.2411731533679243E-25
  0.3722000000000000E+02  0.1670371834456214E-26  0.1778469204815277E-25
  0.3736000000000000E+02  0.1211555224659865E-26  0.1310022398008903E-25
  0.3750000000000000E+02  0.8777107408283262E-27  0.9638867309881029E-26
  0.3764000000000000E+02  0.6350934358180514E-27  0.7084156125450256E-26
  0.3778000000000000E+02  0.4589884194816787E-27  0.5200738602313156E-26
  0.3792000000000000E+02  0.3313169195519464E-27  0.3813788914916276E-26
  0.3806000000000000E+02  0.2388708644514900E-27  0.2793591828054583E-26
  0.3820000000000000E+02  0.1720126285546679E-27  0.2044014058292503E-26
  0.3834000000000000E+02  0.1237185953286395E-27  0.1493892651029857E-26
  0.3848000000000000E+02  0.8887652056043854E-28  0.1090609937679609E-26
  0.3862000000000000E+02  0.6377000451524469E-28  0.7953055686840640E-27
  0.3876000000000000E+02  0.4570072839420330E-28  0.5793127371525103E-27
  0.3890000000000000E+02  0.3271199285123793E-28  0.4215087393735781E-27
  0.3904000000000000E+02  0.2338665074638862E-28  0.3063476234284790E-27
  0.3918000000000000E+02  0.1669960309315252E-28  0.2224010579679743E-27
  0.3932000000000000E+02  0.1191026184611718E-28  0.1612774176321204E-27
  0.3946000000000000E+02  0.8484250136415437E-29  0.1168219982560260E-27
  0.3960000000000000E+02  0.6036463371115897E-29  0.8452594567199029E-28
  0.3974000000000000E+02  0.4289716451552697E-29  0.6108994940568308E-28
  0.3988000000000000E+02  0.3044748867041019E-29  0.4410255948327628E-28
  0.4002000000000000E+02  0.2158495805489376E-29  0.3180329431519567E-28
  0.4016000000000000E+02  0.1528367343906633E-29  0.2290839648237938E-28
  0.4030000000000000E+02  0.1080888934139757E-29  0.1648282040306471E-28
  0.4044000000000000E+02  0.7635036989494452E-30  0.1184629653543637E-28
  0.4058000000000000E+02  0.5386639972412118E-30  0.8504482560963732E-29
  0.4072000000000000E+02  0.3795783734425962E-30  0.6098561351407705E-29
  0.4086000000000000E+02  0.2671539854760212E-30  0.4368386850227355E-29
  0.4100000000000000E+02  0.1878012686047909E-30  0.3125568068451129E-29
  0.4114000000000000E+02  0.1318596854176657E-30  0.2233834491433049E-29
  0.4128000000000000E+02  0.9247028207685673E-31  0.1594730014322123E-29
  0.4142000000000000E+02  0.6476926194115069E-31  0.1137201627156110E-29
  0.4156000000000000E+02  0.4531190478059034E-31  0.8100314640513875E-30
  0.4170000000000000E+02  0.3166155804684592E-31  0.5763421723995508E-30
  0.4184000000000000E+02  0.2209677161196720E-31  0.4096122974371193E-30
  0.4198000000000000E+02  0.1540288035573110E-31  0.2907901105094868E-30
  0.4212000000000000E+02  0.1072387190999453E-31  0.2062055346784717E-30
  0.4226000000000000E+02  0.7457235288030094E-32  0.1460612533167863E-30
  0.4240000000000000E+02  0.5179413900466657E-32  0.1033436335779058E-30
  0.4254000000000000E+02  0.3593022414713929E-32  0.7303758588736315E-31
  0.4268000000000000E+02  0.2489520831823754E-32  0.5156120389305850E-31
  0.4282000000000000E+02  0.1722852614832894E-32  0.3635914162939153E-31
  0.4296000000000000E+02  0.1190849848547176E-32  0.2561050279420301E-31
  0.4310000000000000E+02  0.8221335996266560E-33  0.1801924016481209E-31
  0.4324000000000000E+02  0.5668971808818311E-33  0.1266393589618566E-31
  0.4338000000000000E+02  0.3904295680528746E-33  0.8890266262188847E-32
  0.4352000000000000E+02  0.2685700639667172E-33  0.6234112584332847E-32
  0.4366000000000000E+02  0.1845223600544514E-33  0.4366649107415493E-32
  0.4380000000000000E+02  0.1266242514517326E-33  0.3055172245574847E-32
  0.4394000000000000E+02  0.8678831781937555E-34  0.2135191482783119E-32
  0.4408000000000000E+02  0.5941308956948002E-34  0.1490567505560575E-32
  0.4422000000000000E+02  0.4062370100963863E-34  0.1039393824072684E-32
  0.4436000000000000E+02  0.2774299342916178E-34  0.7239727909725184E-33
  0.4450000000000000E+02  0.1892359437652312E-34  0.5037069626674641E-33
  0.4464000000000000E+02  0.1289230049519392E-34  0.3500638198608215E-33
  0.4478000000000000E+02  0.8772708210580243E-35  0.2430132928841241E-33
  0.4492000000000000E+02  0.5962294501609666E-35  0.1685102517461960E-33
  0.4506000000000000E+02  0.4047339503203654E-35  0.1167175285710087E-33
  0.4520000000000000E+02  0.2744115073995891E-35  0.8075311063424256E-34
  0.4534000000000000E+02  0.1858281371992450E-35  0.5580791819489717E-34
  0.4548000000000000E+02  0.1256889495339742E-35  0.3852527348214604E-34
  0.4562000000000000E+02  0.8491006785491898E-36  0.2656494650549682E-34
  0.4576000000000000E+02  0.5729249646886916E-36  0.1829723342936422E-34
  0.4590000000000000E+02  0.3861115310875380E-36  0.1258853347092482E-34
  0.4604000000000000E+02  0.2598987931605653E-36  0.8651233530448222E-35
  0.4618000000000000E+02  0.1747319078750252E-36  0.5938736777770559E-35
  0.4632000000000000E+02  0.1173320448321746E-36  0.4072144866658745E-35
  0.4646000000000000E+02  0.7869325763472369E-37  0.2789108581169000E-35
  0.4660000000000000E+02  0.5271508024212228E-37  0.1908185711357117E-35
  0.4674000000000000E+02  0.3527026176132244E-37  0.1304033739918324E-35
  0.4688000000000000E+02  0.2356996601375839E-37  0.8901638292966358E-36
  0.4702000000000000E+02  0.1573206354578112E-37  0.6069654059536567E-36
  0.4716000000000000E+02  0.1048790849326856E-37  0.4134002831752962E-36
  0.4730000000000000E+02  0.6983426210232079E-38  0.2812486125640173E-36
  0.4744000000000000E+02  0.4644347091637286E-38  0.1911273106120933E-36
  0.4758000000000000E+02  0.3085014789260130E-38  0.1297381803896597E-36
  0.4772000000000000E+02  0.2046757038584236E-38  0.8796815874220581E-37
  0.4786000000000000E+02  0.1356287613119044E-38  0.5957935513227365E-37
  0.4800000000000000E+02  0.8976638968832086E-39  0.4030682991141442E-37
  0.4808000000000000E+02  0.7086910771071548E-39  0.3222393226751444E-37
  0.4816000000000000E+02  0.5592799097555979E-39  0.2575249051932945E-37
  0.4824000000000000E+02  0.4411949385876394E-39  0.2057314718837796E-37
  0.4832000000000000E+02  0.3479051617088621E-39  0.1642944974951206E-37
  0.4840000000000000E+02  0.2742333513058602E-39  0.1311553715691080E-37
  0.4848000000000000E+02  0.2160770878153721E-39  0.1046622134068331E-37
  0.4856000000000000E+02  0.1701869335048268E-39  0.8349000892427022E-38
  0.4864000000000000E+02  0.1339901138752323E-39  0.6657632983534062E-38
  0.4872000000000000E+02  0.1054504281587797E-39  0.5306961453437748E-38
  0.4880000000000000E+02  0.8295699017722858E-40  0.4228757171266949E-38
  0.4888000000000000E+02  0.6523590235838330E-40  0.3368373816139677E-38
  0.4896000000000000E+02  0.5128016446331199E-40  0.2682060251347267E-38
  0.4904000000000000E+02  0.4029407520843734E-40  0.2134801400317050E-38
  0.4912000000000000E+02  0.3164914805900784E-40  0.1698584358064579E-38
  0.4920000000000000E+02  0.2484917092413308E-40  0.1351006518309330E-38
  0.4928000000000000E+02  0.1950252443295362E-40  0.1074158677332068E-38
  0.4936000000000000E+02  0.1530025982365399E-40  0.8537291312838282E-39
  0.4944000000000000E+02  0.1199874514959588E-40  0.6782853135509027E-39
  0.4952000000000000E+02  0.9405933420130358E-41  0.5386980082468968E-39
  0.4960000000000000E+02  0.7370501167935033E-41  0.4276800176614682E-39
  0.4968000000000000E+02  0.5773260928752419E-41  0.3394166731939751E-39
  0.4976000000000000E+02  0.4520374343035299E-41  0.2692700177793376E-39
  0.4984000000000000E+02  0.3537990513529466E-41  0.2135420606516968E-39
  0.4992000000000000E+02  0.2768012039917424E-41  0.1692853801961692E-39
  0.5000000000000000E+02  0.2164752916603472E-41  0.1341516630462809E-39
  0.5008000000000000E+02  0.1692301502225734E-41  0.1062706268269108E-39
  0.5016000000000000E+02  0.1322440662109018E-41  0.8415326824460269E-40
  0.5024000000000000E+02  0.1033008027978784E-41  0.6661457875408319E-40
  0.5032000000000000E+02  0.8066037686088522E-42  0.5271183416078119E-40
  0.5040000000000000E+02  0.6295726380201614E-42  0.4169533850192904E-40
  0.5048000000000000E+02  0.4912024119891340E-42  0.3296912364297543E-40
  0.5056000000000000E+02  0.3830929717271511E-42  0.2605960423836109E-40
  0.5064000000000000E+02  0.2986599073517985E-42  0.2059058719273458E-40
  0.5072000000000000E+02  0.2327441187299325E-42  0.1626335495896948E-40
  0.5080000000000000E+02  0.1813049046664222E-42  0.1284079855932730E-40
  0.5088000000000000E+02  0.1411787843401297E-42  0.1013478168833940E-40
  0.5096000000000000E+02  0.1098900499934467E-42  0.7996081755862376E-41
  0.5104000000000000E+02  0.8550201540806897E-43  0.6306385375171491E-41
  0.5112000000000000E+02  0.6650026569615454E-43  0.4971921114358419E-41
  0.5120000000000000E+02  0.5170106115685557E-43  0.3918396544300384E-41
  0.5128000000000000E+02  0.4017950493674454E-43  0.3086973933731853E-41
  0.5136000000000000E+02  0.3121323294846286E-43  0.2431072731091497E-41
  0.5144000000000000E+02  0.2423828979337960E-43  0.1913829935776686E-41
  0.5152000000000000E+02  0.1881456758822789E-43  0.1506083763855316E-41
  0.5160000000000000E+02  0.1459874615791735E-43  0.1184773390352498E-41
  0.5168000000000000E+02  0.1132311506624343E-43  0.9316693916093244E-42
  0.5176000000000000E+02  0.8779005720387939E-44  0.7323669294759450E-42
  0.5184000000000000E+02  0.6803835285150718E-44  0.5754876045747889E-42
  0.5192000000000000E+02  0.5270979148346772E-44  0.4520469707902357E-42
  0.5200000000000000E+02  0.4081857629925612E-44  0.3549535170152625E-42
  0.5208000000000000E+02  0.3159755333902715E-44  0.2786119402489502E-42
  0.5216000000000000E+02  0.2444995736240735E-44  0.2186091201095783E-42
  0.5224000000000000E+02  0.1891175375459692E-44  0.1714656492164659E-42
  0.5232000000000000E+02  0.1462226163725104E-44  0.1344393086249834E-42
  0.5240000000000000E+02  0.1130124641363819E-44  0.1053696876692309E-42
  0.5248000000000000E+02  0.8731064291624187E-45  0.8255538083129438E-43
  0.5256000000000000E+02  0.6742750280237680E-45  0.6465696836105797E-43
  0.5264000000000000E+02  0.5205183124833364E-45  0.5062039617274172E-43
  0.5272000000000000E+02  0.4016650075907452E-45  0.3961648882894770E-43
  0.5280000000000000E+02  0.3098282623877752E-45  0.3099321675518511E-43
  0.5288000000000000E+02  0.2388950286134974E-45  0.2423804263186804E-43
  0.5296000000000000E+02  0.1841290196501503E-45  0.1894822992972697E-43
  0.5304000000000000E+02  0.1418621107403879E-45  0.1480743881465659E-43
  0.5312000000000000E+02  0.1092545774351105E-45  0.1156728502718535E-43
  0.5320000000000000E+02  0.8410889236364039E-46  0.9032814820977084E-44
  0.5328000000000000E+02  0.6472517505337943E-46  0.7051068706488876E-44
  0.5336000000000000E+02  0.4978902267284259E-46  0.5502080570049920E-44
  0.5344000000000000E+02  0.3828450330259100E-46  0.4291796236962023E-44
  0.5352000000000000E+02  0.2942669448818859E-46  0.3346504269026641E-44
  0.5360000000000000E+02  0.2260939761674387E-46  0.2608457721423205E-44
  0.5368000000000000E+02  0.1736463066559920E-46  0.2032433480831012E-44
  0.5376000000000000E+02  0.1333125873678686E-46  0.1583029431411179E-44
  0.5384000000000000E+02  0.1023071088910760E-46  0.1232542031421652E-44
  0.5392000000000000E+02  0.7848190108644388E-47  0.9593002942664856E-45
  0.5400000000000000E+02  0.6018139699101216E-47  0.7463585250214117E-45
  0.5408000000000000E+02  0.4613006461132449E-47  0.5804709480984419E-45
  0.5416000000000000E+02  0.3534556341656483E-47  0.4512877455657332E-45
  0.5424000000000000E+02  0.2707165473650837E-47  0.3507249355124501E-45
  0.5432000000000000E+02  0.2072639373421528E-47  0.2724706884186363E-45
  0.5440000000000000E+02  0.1586213834847565E-47  0.2115986857498953E-45
  0.5448000000000000E+02  0.1213469236267000E-47  0.1642654263165790E-45
  0.5456000000000000E+02  0.9279505972419307E-48  0.1274733434667962E-45
  0.5464000000000000E+02  0.7093327119097661E-48  0.9888549498404638E-46
  0.5472000000000000E+02  0.5420060934289573E-48  0.7668065254971144E-46
  0.5480000000000000E+02  0.4139876614236395E-48  0.5944002619849191E-46
  0.5488000000000000E+02  0.3160819338456295E-48  0.4605875119316626E-46
  0.5496000000000000E+02  0.2412353774066189E-48  0.3567675038949491E-46
  0.5504000000000000E+02  0.1840396377465804E-48  0.2762475127569725E-46
  0.5512000000000000E+02  0.1403494740447099E-48  0.2138215182472591E-46
  0.5520000000000000E+02  0.1069890317074231E-48  0.1654414690912050E-46
  0.5528000000000000E+02  0.8152611972362135E-49  0.1279608964401670E-46
  0.5536000000000000E+02  0.6209881824388658E-49  0.9893502950711985E-47
  0.5544000000000000E+02  0.4728233835576710E-49  0.7646502057815257E-47
  0.5552000000000000E+02  0.3598683107829174E-49  0.5907659160099263E-47
  0.5560000000000000E+02  0.2737898298921686E-49  0.4562553205170767E-47
  0.5568000000000000E+02  0.2082188609565893E-49  0.3522413472049629E-47
  0.5576000000000000E+02  0.1582894130272244E-49  0.2718395210927538E-47
  0.5584000000000000E+02  0.1202853451509875E-49  0.2097126950856413E-47
  0.5592000000000000E+02  0.9136978786630967E-50  0.1617248286683313E-47
  0.5600000000000000E+02  0.6937796586122332E-50  0.1246718838289666E-47
  0.5608000000000000E+02  0.5265862997788549E-50  0.9607274041177011E-48
  0.5616000000000000E+02  0.3995274259191265E-50  0.7400680607264342E-48
  0.5624000000000000E+02  0.3030070172934849E-50  0.5698794038782209E-48
  0.5632000000000000E+02  0.2297141899608619E-50  0.4386660952705723E-48
  0.5640000000000000E+02  0.1740812546784841E-50  0.3375397895654610E-48
  0.5648000000000000E+02  0.1318697675975302E-50  0.2596304773153135E-48
  0.5656000000000000E+02  0.9985447238031628E-51  0.1996301574936615E-48
  0.5664000000000000E+02  0.7558208175694327E-51  0.1534392260884064E-48
  0.5672000000000000E+02  0.5718725167901234E-51  0.1178925639301099E-48
  0.5680000000000000E+02  0.4325224451638965E-51  0.9054744101757566E-49
  0.5688000000000000E+02  0.3269995245688835E-51  0.6951934881918777E-49
  0.5696000000000000E+02  0.2471238383091013E-51  0.5335497824829097E-49
  0.5704000000000000E+02  0.1866857668790880E-51  0.4093397572199629E-49
  0.5712000000000000E+02  0.1409732861060742E-51  0.3139298613546182E-49
  0.5720000000000000E+02  0.1064122157545732E-51  0.2406694915087836E-49
  0.5728000000000000E+02  0.8029254007503474E-52  0.1844374697261428E-49
  0.5736000000000000E+02  0.6056029134239780E-52  0.1412918023978927E-49
  0.5744000000000000E+02  0.4565935395445072E-52  0.1081993024834976E-49
  0.5752000000000000E+02  0.3441126329111836E-52  0.8282694336725716E-50
  0.5760000000000000E+02  0.2592391081187510E-52  0.6338091101020713E-50
  0.5768000000000000E+02  0.1952223195486825E-52  0.4848249718999391E-50
  0.5776000000000000E+02  0.1469560487033873E-52  0.3707243712650054E-50
  0.5784000000000000E+02  0.1105794719904278E-52  0.2833720017433419E-50
  0.5792000000000000E+02  0.8317457784398645E-53  0.2165221719897386E-50
  0.5800000000000000E+02  0.6253681321755895E-53  0.1653816954425555E-50
  0.5808000000000000E+02  0.4700130707043705E-53  0.1262734727840412E-50
  0.5816000000000000E+02  0.3531125656265957E-53  0.9637766965635686E-51
  0.5824000000000000E+02  0.2651828641819967E-53  0.7353266758244275E-51
  0.5832000000000000E+02  0.1990704460269251E-53  0.5608204186669256E-51
  0.5840000000000000E+02  0.1493816216839782E-53  0.4275696801344466E-51
  0.5848000000000000E+02  0.1120512221959078E-53  0.3258588828444304E-51
  0.5856000000000000E+02  0.8401659447918429E-54  0.2482514532542104E-51
  0.5864000000000000E+02  0.6297129109288424E-54  0.1890573642140165E-51
  0.5872000000000000E+02  0.4717904756854530E-54  0.1439245745272119E-51
  0.5880000000000000E+02  0.3533334782723816E-54  0.1095256547687624E-51
  0.5888000000000000E+02  0.2645144829526710E-54  0.8331751393172410E-52
  0.5896000000000000E+02  0.1979443777842271E-54  0.6335724443072742E-52
  0.5904000000000000E+02  0.1480696104686607E-54  0.4816103188342828E-52
  0.5912000000000000E+02  0.1107178757056496E-54  0.3659609987576797E-52
  0.5920000000000000E+02  0.8275583082122176E-55  0.2779798620982499E-52
  0.5928000000000000E+02  0.6183131876965808E-55  0.2110723613469358E-52
  0.5936000000000000E+02  0.4617931256378652E-55  0.1602097333669957E-52
  0.5944000000000000E+02  0.3447588835217099E-55  0.1215586628699629E-52
  0.5952000000000000E+02  0.2572838437875413E-55  0.9219819339689269E-53
  0.5960000000000000E+02  0.1919281216747993E-55  0.6990341312154243E-53
  0.5968000000000000E+02  0.1431178352126523E-55  0.5298022726740679E-53
  0.5976000000000000E+02  0.1066787582416951E-55  0.4013919987248878E-53
  0.5984000000000000E+02  0.7948610075394478E-56  0.3039926312281433E-53
  0.5992000000000000E+02  0.5920160511962283E-56  0.2301425102754736E-53
  0.6000000000000000E+02  0.4407626835338996E-56  0.1741686847037054E-53
  0.6008000000000000E+02  0.3280236849829279E-56  0.1317597397034247E-53
  0.6016000000000000E+02  0.2440251764690164E-56  0.9964024965177827E-54
  0.6024000000000000E+02  0.1814651013972237E-56  0.7532277324094441E-54
  0.6032000000000000E+02  0.1348902761457158E-56  0.5691899257932188E-54
  0.6040000000000000E+02  0.1002298821252232E-56  0.4299594611379250E-54
  0.6048000000000000E+02  0.7444625289546478E-57  0.3246662987125185E-54
  0.6056000000000000E+02  0.5527356989320469E-57  0.2450678259611487E-54
  0.6064000000000000E+02  0.4102241597279490E-57  0.1849161179733767E-54
  0.6072000000000000E+02  0.3043364716324549E-57  0.1394770044607005E-54
  0.6080000000000000E+02  0.2256918186903196E-57  0.1051646602871333E-54
  0.6088000000000000E+02  0.1673041365905210E-57  0.7926407506622812E-55
  0.6096000000000000E+02  0.1239728512432837E-57  0.5972034715864788E-55
  0.6104000000000000E+02  0.9182808933707728E-58  0.4497877249333970E-55
  0.6112000000000000E+02  0.6799133277025456E-58  0.3386352905968309E-55
  0.6120000000000000E+02  0.5032231459052987E-58  0.2548567657474402E-55
  0.6128000000000000E+02  0.3723031496385799E-58  0.1917341389510226E-55
  0.6136000000000000E+02  0.2753352780301588E-58  0.1441922934321178E-55
  0.6144000000000000E+02  0.2035429467297420E-58  0.1083986733746215E-55
  0.6152000000000000E+02  0.1504108975927864E-58  0.8146014787453081E-56
  0.6160000000000000E+02  0.1111044864132143E-58  0.6119356064873225E-56
  0.6168000000000000E+02  0.8203759821134035E-59  0.4595211983297571E-56
  0.6176000000000000E+02  0.6055127970031070E-59  0.3449408808082494E-56
  0.6184000000000000E+02  0.4467481499363227E-59  0.2588350403984950E-56
  0.6192000000000000E+02  0.3294816613604895E-59  0.1941514996578405E-56
  0.6200000000000000E+02  0.2429007073383078E-59  0.1455786546145894E-56
  0.6208000000000000E+02  0.1790009597849887E-59  0.1091173774733796E-56
  0.6216000000000000E+02  0.1318593673147073E-59  0.8175783788416305E-57
  0.6224000000000000E+02  0.9709473111283811E-60  0.6123562154209852E-57
  0.6232000000000000E+02  0.7146763109486711E-60  0.4584775883080929E-57
  0.6240000000000000E+02  0.5258382312003560E-60  0.3431399898048747E-57
  0.6248000000000000E+02  0.3867443499190450E-60  0.2567224174172473E-57
  0.6256000000000000E+02  0.2843314139439679E-60  0.1919974602929074E-57
  0.6264000000000000E+02  0.2089559584149096E-60  0.1435378376105979E-57
  0.6272000000000000E+02  0.1535018883183252E-60  0.1072695685792828E-57
  0.6280000000000000E+02  0.1127201953895080E-60  0.8013567182469485E-58
  0.6288000000000000E+02  0.8274062388874827E-61  0.5984314900849252E-58
  0.6296000000000000E+02  0.6071065206802702E-61  0.4467269951630272E-58
  0.6304000000000000E+02  0.4452870361476683E-61  0.3333566726840517E-58
  0.6312000000000000E+02  0.3264707322605167E-61  0.2486653650862306E-58
  0.6320000000000000E+02  0.2392640793536231E-61  0.1854217315152566E-58
  0.6328000000000000E+02  0.1752830011500860E-61  0.1382118071605589E-58
  0.6336000000000000E+02  0.1283604248338407E-61  0.1029837812719863E-58
  0.6344000000000000E+02  0.9396184567315787E-62  0.7670641608173488E-59
  0.6352000000000000E+02  0.6875447653619945E-62  0.5711283445851163E-59
  0.6360000000000000E+02  0.5028974907707116E-62  0.4250841344578561E-59
  0.6368000000000000E+02  0.3676943912860859E-62  0.3162679849307522E-59
  0.6376000000000000E+02  0.2687346022355332E-62  0.2352202546637439E-59
  0.6384000000000000E+02  0.1963311552205891E-62  0.1748772614744649E-59
  0.6392000000000000E+02  0.1433784569224360E-62  0.1299664062120749E-59
  0.6400000000000000E+02  0.1046664826927565E-62  0.9655349748187975E-60
