          #r                      rho1                    rho2
  0.0000000000000000E+00  0.2262612669342012E+10  0.4570127870025672E+01
  0.1000000000000000E-04  0.2327861986278828E+10  0.4570127276637393E+01
  0.2000000000000000E-04  0.2519422730580267E+10  0.4570125496487663E+01
  0.3000000000000000E-04  0.2825051086122069E+10  0.4570122529627180E+01
  0.4000000000000000E-04  0.3225401288270724E+10  0.4570118376140428E+01
  0.5000000000000000E-04  0.3695605851974554E+10  0.4570113036144543E+01
  0.6000000000000000E-04  0.4207373816364842E+10  0.4570106509790913E+01
  0.6999999999999999E-04  0.4731359785120918E+10  0.4570098797263896E+01
  0.8000000000000001E-04  0.5239491617492299E+10  0.4570089898781845E+01
  0.9000000000000001E-04  0.5706958678482288E+10  0.4570079814595938E+01
  0.1000000000000000E-03  0.6113643391375463E+10  0.4570068544991727E+01
  0.1100000000000000E-03  0.6444904862334643E+10  0.4570056090288840E+01
  0.1200000000000000E-03  0.6691744507948071E+10  0.4570042450836662E+01
  0.1300000000000000E-03  0.6850466082393908E+10  0.4570027627023720E+01
  0.1400000000000000E-03  0.6921980917590561E+10  0.4570011619267220E+01
  0.1500000000000000E-03  0.6910912259716414E+10  0.4569994428020138E+01
  0.1600000000000000E-03  0.6824632484343569E+10  0.4569976053768642E+01
  0.1700000000000000E-03  0.6672335060723206E+10  0.4569956497029987E+01
  0.1800000000000000E-03  0.6464208420491280E+10  0.4569935758357815E+01
  0.1900000000000000E-03  0.6210747772523191E+10  0.4569913838337442E+01
  0.2000000000000000E-03  0.5922216733991194E+10  0.4569890737587595E+01
  0.2100000000000000E-03  0.5608254055308779E+10  0.4569866456760086E+01
  0.2200000000000000E-03  0.5277610678398294E+10  0.4569840996538663E+01
  0.2300000000000000E-03  0.4937997238309619E+10  0.4569814357643253E+01
  0.2400000000000000E-03  0.4596020385527314E+10  0.4569786540822538E+01
  0.2500000000000000E-03  0.4257186796684591E+10  0.4569757546862594E+01
  0.2600000000000000E-03  0.3925955613881524E+10  0.4569727376578399E+01
  0.2700000000000000E-03  0.3605822718809343E+10  0.4569696030819823E+01
  0.2800000000000000E-03  0.3299423265302569E+10  0.4569663510470268E+01
  0.2900000000000000E-03  0.3008641938695925E+10  0.4569629816443713E+01
  0.3000000000000000E-03  0.2734723240192730E+10  0.4569594949687840E+01
  0.3100000000000000E-03  0.2478376553883323E+10  0.4569558911183965E+01
  0.3200000000000000E-03  0.2239872764866300E+10  0.4569521701942780E+01
  0.3300000000000000E-03  0.2019130741995716E+10  0.4569483323010350E+01
  0.3400000000000000E-03  0.1815793114275978E+10  0.4569443775465071E+01
  0.3500000000000000E-03  0.1629291518525270E+10  0.4569403060414767E+01
  0.3600000000000000E-03  0.1458901954869330E+10  0.4569361179003503E+01
  0.3700000000000000E-03  0.1303791131880366E+10  0.4569318132402633E+01
  0.3800000000000000E-03  0.1163054781450347E+10  0.4569273921820591E+01
  0.3900000000000000E-03  0.1035748928472409E+10  0.4569228548493844E+01
  0.4000000000000000E-03  0.9209150515786710E+09  0.4569182013692530E+01
  0.4100000000000000E-03  0.8175999956072466E+09  0.4569134318717762E+01
  0.4200000000000000E-03  0.7248714112059053E+09  0.4569085464902884E+01
  0.4300000000000000E-03  0.6418294117145388E+09  0.4569035453613125E+01
  0.4400000000000000E-03  0.5676150570424087E+09  0.4568984286244245E+01
  0.4500000000000000E-03  0.5014162005025326E+09  0.4568931964222837E+01
  0.4600000000000000E-03  0.4424711677338850E+09  0.4568878489009464E+01
  0.4700000000000000E-03  0.3900706764539962E+09  0.4568823862092903E+01
  0.4800000000000000E-03  0.3435583511713417E+09  0.4568768084994062E+01
  0.4900000000000000E-03  0.3023301375313812E+09  0.4568711159264524E+01
  0.5000000000000000E-03  0.2658328762006010E+09  0.4568653086488041E+01
  0.5100000000000000E-03  0.2335622557815483E+09  0.4568593868276555E+01
  0.5200000000000000E-03  0.2050603279744279E+09  0.4568533506276130E+01
  0.5300000000000000E-03  0.1799127358877915E+09  0.4568472002158525E+01
  0.5400000000000000E-03  0.1577457778955987E+09  0.4568409357630074E+01
  0.5500000000000000E-03  0.1382234045684728E+09  0.4568345574426194E+01
  0.5600000000000000E-03  0.1210442247709284E+09  0.4568280654311157E+01
  0.5700000000000000E-03  0.1059385787778483E+09  0.4568214599080714E+01
  0.5800000000000000E-03  0.9266572095724778E+08  0.4568147410559338E+01
  0.5900000000000000E-03  0.8101114190679446E+08  0.4568079090601263E+01
  0.5999999999999999E-03  0.7078404962309405E+08  0.4568009641091114E+01
  0.6100000000000000E-03  0.6181502103055758E+08  0.4567939063942466E+01
  0.6200000000000000E-03  0.5395382871554904E+08  0.4567867361099577E+01
  0.6300000000000000E-03  0.4706744273309296E+08  0.4567794534532733E+01
  0.6400000000000001E-03  0.4103820363120199E+08  0.4567720586244756E+01
  0.6500000000000000E-03  0.3576216015019091E+08  0.4567645518265238E+01
  0.6600000000000000E-03  0.3114756320565998E+08  0.4567569332653084E+01
  0.6700000000000000E-03  0.2711350658470899E+08  0.4567492031495306E+01
  0.6800000000000000E-03  0.2358870413088184E+08  0.4567413616907885E+01
  0.6900000000000000E-03  0.2051039294299176E+08  0.4567334091035700E+01
  0.7000000000000000E-03  0.1782335216592569E+08  0.4567253456050698E+01
  0.7100000000000000E-03  0.1547902722585654E+08  0.4567171714153493E+01
  0.7200000000000000E-03  0.1343474979213737E+08  0.4567088867571385E+01
  0.7300000000000000E-03  0.1165304428135536E+08  0.4567004918562172E+01
  0.7400000000000000E-03  0.1010101231489839E+08  0.4566919869407926E+01
  0.7500000000000000E-03  0.8749787168782046E+07  0.4566833722419839E+01
  0.7600000000000000E-03  0.7574050890009787E+07  0.4566746479935854E+01
  0.7700000000000000E-03  0.6551607380263878E+07  0.4566658144320556E+01
  0.7800000000000000E-03  0.5663005353098603E+07  0.4566568717967054E+01
  0.7900000000000000E-03  0.4891205646787088E+07  0.4566478203293268E+01
  0.8000000000000000E-03  0.4221287916335084E+07  0.4566386602744235E+01
  0.8100000000000000E-03  0.3640192231998058E+07  0.4566293918791691E+01
  0.8200000000000000E-03  0.3136491576724217E+07  0.4566200153933015E+01
  0.8300000000000000E-03  0.2700191661358630E+07  0.4566105310692786E+01
  0.8400000000000000E-03  0.2322554865146025E+07  0.4566009391619758E+01
  0.8500000000000000E-03  0.1995945461645735E+07  0.4565912399289185E+01
  0.8600000000000000E-03  0.1713693608606875E+07  0.4565814336302765E+01
  0.8700000000000000E-03  0.1469975866872786E+07  0.4565715205285433E+01
  0.8800000000000000E-03  0.1259710270335120E+07  0.4565615008889442E+01
  0.8899999999999999E-03  0.1078464198713509E+07  0.4565513749789450E+01
  0.9000000000000000E-03  0.9223735098352672E+06  0.4565411430686718E+01
  0.9100000000000000E-03  0.7880715703893144E+06  0.4565308054308223E+01
  0.9200000000000000E-03  0.6726269859783686E+06  0.4565203623401672E+01
  0.9300000000000001E-03  0.5734889747135879E+06  0.4565098140741658E+01
  0.9400000000000000E-03  0.4884394554675148E+06  0.4564991609126182E+01
  0.9500000000000000E-03  0.4155510339621261E+06  0.4564884031377105E+01
  0.9600000000000000E-03  0.3531501687139765E+06  0.4564775410339696E+01
  0.9700000000000001E-03  0.2997848859425436E+06  0.4564665748882466E+01
  0.9800000000000000E-03  0.2541964891916365E+06  0.4564555049897312E+01
  0.9900000000000000E-03  0.2152947768100789E+06  0.4564443316299365E+01
  0.1000000000000000E-02  0.1821363396604623E+06  0.4564330551026401E+01
  0.1010000000000000E-02  0.1539055634357433E+06  0.4564216757038731E+01
  0.1020000000000000E-02  0.1298980056224034E+06  0.4564101937319587E+01
  0.1030000000000000E-02  0.1095058572209998E+06  0.4563986094872599E+01
  0.1040000000000000E-02  0.9220523449951463E+05  0.4563869232726806E+01
  0.1050000000000000E-02  0.7754507691317514E+05  0.4563751353928784E+01
  0.1060000000000000E-02  0.6513745440724379E+05  0.4563632461550928E+01
  0.1070000000000000E-02  0.5464911109413668E+05  0.4563512558683205E+01
  0.1080000000000000E-02  0.4579409317410730E+05  0.4563391648439217E+01
  0.1090000000000000E-02  0.3832732730999209E+05  0.4563269733952869E+01
  0.1100000000000000E-02  0.3203903178683612E+05  0.4563146818378911E+01
  0.1110000000000000E-02  0.2674985696259867E+05  0.4563022904892222E+01
  0.1120000000000000E-02  0.2230666398767690E+05  0.4562897996688601E+01
  0.1130000000000000E-02  0.1857886174907921E+05  0.4562772096983021E+01
  0.1140000000000000E-02  0.1545523166327461E+05  0.4562645209010848E+01
  0.1150000000000000E-02  0.1284117846006390E+05  0.4562517336027601E+01
  0.1160000000000000E-02  0.1065635260787290E+05  0.4562388481308337E+01
  0.1170000000000000E-02  0.8832596650404861E+04  0.4562258648145838E+01
  0.1180000000000000E-02  0.7312173561951677E+04  0.4562127839852991E+01
  0.1190000000000000E-02  0.6046240376740308E+04  0.4561996059761488E+01
  0.1200000000000000E-02  0.4993534887782705E+04  0.4561863311222045E+01
  0.1210000000000000E-02  0.4119247214014681E+04  0.4561729597602763E+01
  0.1220000000000000E-02  0.3394051563552382E+04  0.4561594922290117E+01
  0.1230000000000000E-02  0.2793276630594568E+04  0.4561459288688819E+01
  0.1240000000000000E-02  0.2296195802225062E+04  0.4561322700220761E+01
  0.1250000000000000E-02  0.1885420761783178E+04  0.4561185160326086E+01
  0.1260000000000000E-02  0.1546384195266237E+04  0.4561046672461065E+01
  0.1270000000000000E-02  0.1266899169760809E+04  0.4560907240099525E+01
  0.1280000000000000E-02  0.1036784387728837E+04  0.4560766866732649E+01
  0.1290000000000000E-02  0.8475459543273296E+03  0.4560625555866314E+01
  0.1300000000000000E-02  0.6921075501122609E+03  0.4560483311026711E+01
  0.1310000000000000E-02  0.5645819991753071E+03  0.4560340135750465E+01
  0.1320000000000000E-02  0.4600781814026926E+03  0.4560196033594053E+01
  0.1330000000000000E-02  0.3745380735128797E+03  0.4560051008128089E+01
  0.1340000000000000E-02  0.3045994313989579E+03  0.4559905062940776E+01
  0.1350000000000000E-02  0.2474802590364880E+03  0.4559758201630937E+01
  0.1360000000000000E-02  0.2008817583421081E+03  0.4559610427816480E+01
  0.1370000000000000E-02  0.1629069301201614E+03  0.4559461745128227E+01
  0.1380000000000000E-02  0.1319924076994351E+03  0.4559312157211825E+01
  0.1390000000000000E-02  0.1068514600945392E+03  0.4559161667726954E+01
  0.1400000000000000E-02  0.8642640765725112E+02  0.4559010280347654E+01
  0.1410000000000000E-02  0.6984895651651196E+02  0.4558857998761283E+01
  0.1420000000000000E-02  0.5640718420556993E+02  0.4558704826668399E+01
  0.1430000000000000E-02  0.4551810264353202E+02  0.4558550767784250E+01
  0.1440000000000000E-02  0.3670489038773606E+02  0.4558395825835267E+01
  0.1450000000000000E-02  0.2957802758746621E+02  0.4558240004562568E+01
  0.1460000000000000E-02  0.2381968766386387E+02  0.4558083307717411E+01
  0.1470000000000000E-02  0.1917084231371440E+02  0.4557925739066960E+01
  0.1480000000000000E-02  0.1542062351436958E+02  0.4557767302385462E+01
  0.1490000000000000E-02  0.1239755999422213E+02  0.4557608001463758E+01
  0.1500000000000000E-02  0.9962368039384447E+01  0.4557447840103241E+01
  0.1510000000000000E-02  0.8002029189136543E+01  0.4557286822114023E+01
  0.1520000000000000E-02  0.6424931762767700E+01  0.4557124951320120E+01
  0.1530000000000000E-02  0.5156890494509585E+01  0.4556962231554995E+01
  0.1540000000000000E-02  0.4137889895231659E+01  0.4556798666664544E+01
  0.1550000000000000E-02  0.3319423223201604E+01  0.4556634260501767E+01
  0.1560000000000000E-02  0.2662320914567220E+01  0.4556469016934145E+01
  0.1570000000000000E-02  0.2134980666868789E+01  0.4556302939834883E+01
  0.1580000000000000E-02  0.1711926657086205E+01  0.4556136033090922E+01
  0.1590000000000000E-02  0.1372638095763428E+01  0.4555968300594860E+01
  0.1600000000000000E-02  0.1100597883699920E+01  0.4555799746251263E+01
  0.1610000000000000E-02  0.8825208976616629E+00  0.4555630373972837E+01
  0.1620000000000000E-02  0.7077286826472576E+00  0.4555460187680505E+01
  0.1630000000000000E-02  0.5676433203462179E+00  0.4555289191303321E+01
  0.1640000000000000E-02  0.4553781870076654E+00  0.4555117388781611E+01
  0.1650000000000000E-02  0.3654073858753319E+00  0.4554944784059761E+01
  0.1660000000000000E-02  0.2932989879882970E+00  0.4554771381092347E+01
  0.1670000000000000E-02  0.2354999646650413E+00  0.4554597183839822E+01
  0.1680000000000000E-02  0.1891629491045079E+00  0.4554422196273156E+01
  0.1690000000000000E-02  0.1520068097253231E+00  0.4554246422367190E+01
  0.1700000000000000E-02  0.1222045260752410E+00  0.4554069866104456E+01
  0.1710000000000000E-02  0.9829308913285020E-01  0.4553892531473172E+01
  0.1720000000000000E-02  0.7910115112532068E-01  0.4553714422471519E+01
  0.1730000000000000E-02  0.6369096658260184E-01  0.4553535543100367E+01
  0.1740000000000000E-02  0.5131183008763168E-01  0.4553355897367164E+01
  0.1750000000000000E-02  0.4136275496823895E-01  0.4553175489285991E+01
  0.1760000000000000E-02  0.3336257397422026E-01  0.4552994322875198E+01
  0.1770000000000000E-02  0.2692599665942419E-01  0.4552812402158973E+01
  0.1780000000000000E-02  0.2174444421774364E-01  0.4552629731166395E+01
  0.1790000000000000E-02  0.1757071357438237E-01  0.4552446313930848E+01
  0.1800000000000000E-02  0.1420670896799397E-01  0.4552262154491250E+01
  0.1810000000000000E-02  0.1149362952997665E-01  0.4552077256890115E+01
  0.1820000000000000E-02  0.9304122364647973E-02  0.4551891625172876E+01
  0.1830000000000000E-02  0.7536007965146903E-02  0.4551705263391573E+01
  0.1840000000000000E-02  0.6107263020677113E-02  0.4551518175598484E+01
  0.1850000000000000E-02  0.4952008477850983E-02  0.4551330365851423E+01
  0.1860000000000000E-02  0.4017301107844293E-02  0.4551141838211241E+01
  0.1870000000000000E-02  0.3260567225756130E-02  0.4550952596739454E+01
  0.1880000000000000E-02  0.2647549567935462E-02  0.4550762645503444E+01
  0.1890000000000000E-02  0.2150664238274327E-02  0.4550571988570681E+01
  0.1900000000000000E-02  0.1747685360334327E-02  0.4550380630012138E+01
  0.1910000000000000E-02  0.1420691645202454E-02  0.4550188573898211E+01
  0.1920000000000000E-02  0.1155222330896620E-02  0.4549995824305744E+01
  0.1930000000000000E-02  0.9396005314869242E-03  0.4549802385308567E+01
  0.1940000000000000E-02  0.7643904855124077E-03  0.4549608260983486E+01
  0.1950000000000000E-02  0.6219619409435231E-03  0.4549413455408948E+01
  0.1960000000000000E-02  0.5061403001740852E-03  0.4549217972663243E+01
  0.1970000000000000E-02  0.4119254473892183E-03  0.4549021816825928E+01
  0.1980000000000000E-02  0.3352656114105107E-03  0.4548824991976336E+01
  0.1990000000000000E-02  0.2728753550627260E-03  0.4548627502193217E+01
  0.2000000000000000E-02  0.2220889672944290E-03  0.4548429351558913E+01
  0.5992000000000000E-02  0.4029786832627640E-69  0.4448597394596874E+01
  0.9984000000000000E-02  0.3116218057526087-200  0.4344661718347656E+01
  0.1397600000000000E-01  0.0000000000000000E+00  0.4242312178641630E+01
  0.1796800000000000E-01  0.0000000000000000E+00  0.4143000130359662E+01
  0.2196000000000000E-01  0.0000000000000000E+00  0.4045488561088433E+01
  0.2595200000000000E-01  0.0000000000000000E+00  0.3949991455209727E+01
  0.2994400000000000E-01  0.0000000000000000E+00  0.3856907532002168E+01
  0.3393600000000000E-01  0.0000000000000000E+00  0.3766254215702759E+01
  0.3792800000000000E-01  0.0000000000000000E+00  0.3677886665211526E+01
  0.4192000000000000E-01  0.0000000000000000E+00  0.3591675989674172E+01
  0.4591200000000000E-01  0.0000000000000000E+00  0.3507541060355199E+01
  0.4990400000000000E-01  0.0000000000000000E+00  0.3425426815869874E+01
  0.5389600000000000E-01  0.0000000000000000E+00  0.3345284424439664E+01
  0.5788800000000000E-01  0.0000000000000000E+00  0.3267064410574468E+01
  0.6188000000000000E-01  0.0000000000000000E+00  0.3190717868490173E+01
  0.6587200000000000E-01  0.0000000000000000E+00  0.3116199526051896E+01
  0.6986400000000000E-01  0.0000000000000000E+00  0.3043469204168105E+01
  0.7385600000000000E-01  0.0000000000000000E+00  0.2972491015393857E+01
  0.7784800000000000E-01  0.0000000000000000E+00  0.2903231201021176E+01
  0.8184000000000000E-01  0.0000000000000000E+00  0.2835655825412635E+01
  0.8583200000000001E-01  0.0000000000000000E+00  0.2769729162505465E+01
  0.8982400000000000E-01  0.0000000000000000E+00  0.2705413060625730E+01
  0.9381600000000000E-01  0.0000000000000000E+00  0.2642667163323651E+01
  0.9780800000000001E-01  0.0000000000000000E+00  0.2581449674057060E+01
  0.1018000000000000E+00  0.0000000000000000E+00  0.2521718334934512E+01
  0.1057920000000000E+00  0.0000000000000000E+00  0.2463431364843331E+01
  0.1097840000000000E+00  0.0000000000000000E+00  0.2406548204643540E+01
  0.1137760000000000E+00  0.0000000000000000E+00  0.2351030008638894E+01
  0.1177680000000000E+00  0.0000000000000000E+00  0.2296839886868945E+01
  0.1217600000000000E+00  0.0000000000000000E+00  0.2243942940611367E+01
  0.1257520000000000E+00  0.0000000000000000E+00  0.2192306149163817E+01
  0.1297440000000000E+00  0.0000000000000000E+00  0.2141898166455242E+01
  0.1337360000000000E+00  0.0000000000000000E+00  0.2092689077768422E+01
  0.1377280000000000E+00  0.0000000000000000E+00  0.2044650154678846E+01
  0.1417200000000000E+00  0.0000000000000000E+00  0.1997753633632946E+01
  0.1457120000000000E+00  0.0000000000000000E+00  0.1951972532279927E+01
  0.1497040000000000E+00  0.0000000000000000E+00  0.1907280508737282E+01
  0.1536960000000000E+00  0.0000000000000000E+00  0.1863651762626892E+01
  0.1576880000000000E+00  0.0000000000000000E+00  0.1821060972755570E+01
  0.1616800000000000E+00  0.0000000000000000E+00  0.1779483264336115E+01
  0.1656720000000000E+00  0.0000000000000000E+00  0.1738894198131902E+01
  0.1696640000000000E+00  0.0000000000000000E+00  0.1699269774367510E+01
  0.1736560000000000E+00  0.0000000000000000E+00  0.1660586445284463E+01
  0.1776480000000000E+00  0.0000000000000000E+00  0.1622821131468153E+01
  0.1816400000000000E+00  0.0000000000000000E+00  0.1585951238427327E+01
  0.1856320000000000E+00  0.0000000000000000E+00  0.1549954670983565E+01
  0.1896240000000000E+00  0.0000000000000000E+00  0.1514809844121437E+01
  0.1936160000000000E+00  0.0000000000000000E+00  0.1480495689618207E+01
  0.1976080000000000E+00  0.0000000000000000E+00  0.1446991658409568E+01
  0.2016000000000000E+00  0.0000000000000000E+00  0.1414277718956721E+01
  0.2055920000000000E+00  0.0000000000000000E+00  0.1382334352158137E+01
  0.2095840000000000E+00  0.0000000000000000E+00  0.1351142543423601E+01
  0.2135760000000000E+00  0.0000000000000000E+00  0.1320683772577273E+01
  0.2175680000000000E+00  0.0000000000000000E+00  0.1290940002201924E+01
  0.2215600000000000E+00  0.0000000000000000E+00  0.1261893664997018E+01
  0.2255520000000000E+00  0.0000000000000000E+00  0.1233527650614164E+01
  0.2295440000000000E+00  0.0000000000000000E+00  0.1205825292348220E+01
  0.2335360000000000E+00  0.0000000000000000E+00  0.1178770353985864E+01
  0.2375280000000000E+00  0.0000000000000000E+00  0.1152347016999059E+01
  0.2415200000000000E+00  0.0000000000000000E+00  0.1126539868243924E+01
  0.2455120000000000E+00  0.0000000000000000E+00  0.1101333888212364E+01
  0.2495040000000000E+00  0.0000000000000000E+00  0.1076714439877103E+01
  0.2534960000000000E+00  0.0000000000000000E+00  0.1052667258125600E+01
  0.2574880000000000E+00  0.0000000000000000E+00  0.1029178439731491E+01
  0.2614800000000000E+00  0.0000000000000000E+00  0.1006234433821855E+01
  0.2654720000000000E+00  0.0000000000000000E+00  0.9838220327858688E+00
  0.2694640000000000E+00  0.0000000000000000E+00  0.9619283635511783E+00
  0.2734560000000000E+00  0.0000000000000000E+00  0.9405408791811590E+00
  0.2774480000000000E+00  0.0000000000000000E+00  0.9196473507269521E+00
  0.2814400000000000E+00  0.0000000000000000E+00  0.8992358593049706E+00
  0.2854320000000000E+00  0.0000000000000000E+00  0.8792947883451205E+00
  0.2894240000000000E+00  0.0000000000000000E+00  0.8598128159908877E+00
  0.2934160000000000E+00  0.0000000000000000E+00  0.8407789076387596E+00
  0.2974080000000000E+00  0.0000000000000000E+00  0.8221823085795185E+00
  0.3014000000000000E+00  0.0000000000000000E+00  0.8040125367659551E+00
  0.3053920000000000E+00  0.0000000000000000E+00  0.7862593756820667E+00
  0.3093840000000000E+00  0.0000000000000000E+00  0.7689128673262550E+00
  0.3133760000000000E+00  0.0000000000000000E+00  0.7519633053176200E+00
  0.3173680000000000E+00  0.0000000000000000E+00  0.7354012281244380E+00
  0.3213600000000000E+00  0.0000000000000000E+00  0.7192174124231260E+00
  0.3253520000000000E+00  0.0000000000000000E+00  0.7034028666061213E+00
  0.3293440000000000E+00  0.0000000000000000E+00  0.6879488244362975E+00
  0.3333360000000000E+00  0.0000000000000000E+00  0.6728467388528946E+00
  0.3373280000000000E+00  0.0000000000000000E+00  0.6580882759469139E+00
  0.3413200000000000E+00  0.0000000000000000E+00  0.6436653090958799E+00
  0.3453120000000000E+00  0.0000000000000000E+00  0.6295699132667517E+00
  0.3493040000000000E+00  0.0000000000000000E+00  0.6157943594940285E+00
  0.3532960000000000E+00  0.0000000000000000E+00  0.6023311095210685E+00
  0.3572880000000000E+00  0.0000000000000000E+00  0.5891728106099592E+00
  0.3612800000000000E+00  0.0000000000000000E+00  0.5763122905200481E+00
  0.3652720000000000E+00  0.0000000000000000E+00  0.5637425526486576E+00
  0.3692640000000000E+00  0.0000000000000000E+00  0.5514567713286063E+00
  0.3732560000000000E+00  0.0000000000000000E+00  0.5394482872825037E+00
  0.3772480000000000E+00  0.0000000000000000E+00  0.5277106032227495E+00
  0.3812400000000000E+00  0.0000000000000000E+00  0.5162373796047118E+00
  0.3852320000000000E+00  0.0000000000000000E+00  0.5050224305072852E+00
  0.3892240000000000E+00  0.0000000000000000E+00  0.4940597196585064E+00
  0.3932160000000000E+00  0.0000000000000000E+00  0.4833433565854612E+00
  0.3972080000000000E+00  0.0000000000000000E+00  0.4728675928831609E+00
  0.4012000000000000E+00  0.0000000000000000E+00  0.4626268186136926E+00
  0.4051920000000000E+00  0.0000000000000000E+00  0.4526155588047314E+00
  0.4091840000000000E+00  0.0000000000000000E+00  0.4428284700680341E+00
  0.4131760000000000E+00  0.0000000000000000E+00  0.4332603373153200E+00
  0.4171680000000000E+00  0.0000000000000000E+00  0.4239060705723847E+00
  0.4211600000000000E+00  0.0000000000000000E+00  0.4147607018960784E+00
  0.4251520000000000E+00  0.0000000000000000E+00  0.4058193823716098E+00
  0.4291440000000000E+00  0.0000000000000000E+00  0.3970773792037043E+00
  0.4331360000000000E+00  0.0000000000000000E+00  0.3885300728888836E+00
  0.4371280000000000E+00  0.0000000000000000E+00  0.3801729544625871E+00
  0.4411200000000000E+00  0.0000000000000000E+00  0.3720016228321891E+00
  0.4451120000000000E+00  0.0000000000000000E+00  0.3640117821697828E+00
  0.4491040000000000E+00  0.0000000000000000E+00  0.3561992393825939E+00
  0.4530960000000000E+00  0.0000000000000000E+00  0.3485599016499918E+00
  0.4570880000000000E+00  0.0000000000000000E+00  0.3410897740174406E+00
  0.4610800000000000E+00  0.0000000000000000E+00  0.3337849570563947E+00
  0.4650720000000000E+00  0.0000000000000000E+00  0.3266416445821380E+00
  0.4690640000000000E+00  0.0000000000000000E+00  0.3196561214241432E+00
  0.4730560000000000E+00  0.0000000000000000E+00  0.3128247612560824E+00
  0.4770480000000000E+00  0.0000000000000000E+00  0.3061440244695130E+00
  0.4810400000000000E+00  0.0000000000000000E+00  0.2996104561012487E+00
  0.4850320000000000E+00  0.0000000000000000E+00  0.2932206838132257E+00
  0.4890240000000000E+00  0.0000000000000000E+00  0.2869714159080369E+00
  0.4930160000000000E+00  0.0000000000000000E+00  0.2808594393973441E+00
  0.4970080000000000E+00  0.0000000000000000E+00  0.2748816181106169E+00
  0.5010000000000000E+00  0.0000000000000000E+00  0.2690348908444402E+00
  0.5049920000000000E+00  0.0000000000000000E+00  0.2633162695565747E+00
  0.5089840000000000E+00  0.0000000000000000E+00  0.2577228375930301E+00
  0.5129760000000000E+00  0.0000000000000000E+00  0.2522517479604585E+00
  0.5169680000000000E+00  0.0000000000000000E+00  0.2469002216328260E+00
  0.5209600000000000E+00  0.0000000000000000E+00  0.2416655458934359E+00
  0.5249520000000000E+00  0.0000000000000000E+00  0.2365450727148251E+00
  0.5289440000000000E+00  0.0000000000000000E+00  0.2315362171778309E+00
  0.5329360000000000E+00  0.0000000000000000E+00  0.2266364559183624E+00
  0.5369280000000000E+00  0.0000000000000000E+00  0.2218433256100584E+00
  0.5409200000000000E+00  0.0000000000000000E+00  0.2171544214866898E+00
  0.5449120000000000E+00  0.0000000000000000E+00  0.2125673958885225E+00
  0.5489039999999999E+00  0.0000000000000000E+00  0.2080799568489796E+00
  0.5528960000000001E+00  0.0000000000000000E+00  0.2036898667096434E+00
  0.5568880000000000E+00  0.0000000000000000E+00  0.1993949407666680E+00
  0.5608800000000000E+00  0.0000000000000000E+00  0.1951930459517156E+00
  0.5648720000000000E+00  0.0000000000000000E+00  0.1910820995397711E+00
  0.5688640000000000E+00  0.0000000000000000E+00  0.1870600678918824E+00
  0.5728560000000000E+00  0.0000000000000000E+00  0.1831249652238949E+00
  0.5768480000000000E+00  0.0000000000000000E+00  0.1792748524057283E+00
  0.5808400000000000E+00  0.0000000000000000E+00  0.1755078357967032E+00
  0.5848320000000000E+00  0.0000000000000000E+00  0.1718220660969762E+00
  0.5888240000000000E+00  0.0000000000000000E+00  0.1682157372397205E+00
  0.5928160000000000E+00  0.0000000000000000E+00  0.1646870853043936E+00
  0.5968080000000000E+00  0.0000000000000000E+00  0.1612343874589222E+00
  0.6008000000000000E+00  0.0000000000000000E+00  0.1578559609336979E+00
  0.6047920000000000E+00  0.0000000000000000E+00  0.1545501620113529E+00
  0.6087840000000000E+00  0.0000000000000000E+00  0.1513153850555889E+00
  0.6127760000000000E+00  0.0000000000000000E+00  0.1481500615581706E+00
  0.6167680000000000E+00  0.0000000000000000E+00  0.1450526592119405E+00
  0.6207600000000000E+00  0.0000000000000000E+00  0.1420216810091818E+00
  0.6247520000000000E+00  0.0000000000000000E+00  0.1390556643654867E+00
  0.6287440000000000E+00  0.0000000000000000E+00  0.1361531802648515E+00
  0.6327360000000000E+00  0.0000000000000000E+00  0.1333128324324354E+00
  0.6367280000000000E+00  0.0000000000000000E+00  0.1305332565206700E+00
  0.6407200000000000E+00  0.0000000000000000E+00  0.1278131193278966E+00
  0.6447120000000000E+00  0.0000000000000000E+00  0.1251511180334486E+00
  0.6487039999999999E+00  0.0000000000000000E+00  0.1225459794533285E+00
  0.6526960000000001E+00  0.0000000000000000E+00  0.1199964593152843E+00
  0.6566880000000000E+00  0.0000000000000000E+00  0.1175013415586553E+00
  0.6606800000000000E+00  0.0000000000000000E+00  0.1150594376486929E+00
  0.6646720000000000E+00  0.0000000000000000E+00  0.1126695859112825E+00
  0.6686640000000000E+00  0.0000000000000000E+00  0.1103306508853012E+00
  0.6726560000000000E+00  0.0000000000000000E+00  0.1080415226945757E+00
  0.6766480000000000E+00  0.0000000000000000E+00  0.1058011164341632E+00
  0.6806400000000000E+00  0.0000000000000000E+00  0.1036083715759191E+00
  0.6846320000000000E+00  0.0000000000000000E+00  0.1014622513869548E+00
  0.6886240000000000E+00  0.0000000000000000E+00  0.9936174236777084E-01
  0.6926160000000000E+00  0.0000000000000000E+00  0.9730585370293394E-01
  0.6966080000000000E+00  0.0000000000000000E+00  0.9529361672690169E-01
  0.7006000000000000E+00  0.0000000000000000E+00  0.9332408440231917E-01
  0.7045920000000000E+00  0.0000000000000000E+00  0.9139633081879062E-01
  0.7085840000000000E+00  0.0000000000000000E+00  0.8950945069288470E-01
  0.7125760000000000E+00  0.0000000000000000E+00  0.8766255889593862E-01
  0.7165680000000000E+00  0.0000000000000000E+00  0.8585478997984690E-01
  0.7205600000000000E+00  0.0000000000000000E+00  0.8408529772638218E-01
  0.7245520000000000E+00  0.0000000000000000E+00  0.8235325470107420E-01
  0.7285440000000000E+00  0.0000000000000000E+00  0.8065785182353331E-01
  0.7325360000000000E+00  0.0000000000000000E+00  0.7899829794163911E-01
  0.7365280000000000E+00  0.0000000000000000E+00  0.7737381942579595E-01
  0.7405200000000000E+00  0.0000000000000000E+00  0.7578365976462138E-01
  0.7445120000000000E+00  0.0000000000000000E+00  0.7422707917709470E-01
  0.7485039999999999E+00  0.0000000000000000E+00  0.7270335423063745E-01
  0.7524960000000001E+00  0.0000000000000000E+00  0.7121177746882197E-01
  0.7564880000000000E+00  0.0000000000000000E+00  0.6975165705014952E-01
  0.7604800000000000E+00  0.0000000000000000E+00  0.6832231639412327E-01
  0.7644720000000000E+00  0.0000000000000000E+00  0.6692309383618511E-01
  0.7684640000000000E+00  0.0000000000000000E+00  0.6555334229132577E-01
  0.7724560000000000E+00  0.0000000000000000E+00  0.6421242892263024E-01
  0.7764480000000000E+00  0.0000000000000000E+00  0.6289973482544120E-01
  0.7804400000000000E+00  0.0000000000000000E+00  0.6161465470805153E-01
  0.7844320000000000E+00  0.0000000000000000E+00  0.6035659658942608E-01
  0.7884240000000000E+00  0.0000000000000000E+00  0.5912498149951162E-01
  0.7924160000000000E+00  0.0000000000000000E+00  0.5791924318618739E-01
  0.7964080000000000E+00  0.0000000000000000E+00  0.5673882783086685E-01
  0.8004000000000000E+00  0.0000000000000000E+00  0.5558319377050017E-01
  0.8043920000000000E+00  0.0000000000000000E+00  0.5445181122323373E-01
  0.8083840000000000E+00  0.0000000000000000E+00  0.5334416202350489E-01
  0.8123760000000000E+00  0.0000000000000000E+00  0.5225973936369469E-01
  0.8163680000000000E+00  0.0000000000000000E+00  0.5119804753764819E-01
  0.8203600000000000E+00  0.0000000000000000E+00  0.5015860169243958E-01
  0.8243520000000000E+00  0.0000000000000000E+00  0.4914092758694988E-01
  0.8283440000000000E+00  0.0000000000000000E+00  0.4814456135553188E-01
  0.8323360000000000E+00  0.0000000000000000E+00  0.4716904927360913E-01
  0.8363280000000000E+00  0.0000000000000000E+00  0.4621394753125566E-01
  0.8403200000000000E+00  0.0000000000000000E+00  0.4527882201495714E-01
  0.8443120000000000E+00  0.0000000000000000E+00  0.4436324808761150E-01
  0.8483039999999999E+00  0.0000000000000000E+00  0.4346681037788569E-01
  0.8522960000000001E+00  0.0000000000000000E+00  0.4258910257372284E-01
  0.8562880000000000E+00  0.0000000000000000E+00  0.4172972721940452E-01
  0.8602800000000000E+00  0.0000000000000000E+00  0.4088829551819329E-01
  0.8642720000000000E+00  0.0000000000000000E+00  0.4006442713860651E-01
  0.8682640000000000E+00  0.0000000000000000E+00  0.3925775002618451E-01
  0.8722560000000000E+00  0.0000000000000000E+00  0.3846790021678773E-01
  0.8762480000000000E+00  0.0000000000000000E+00  0.3769452165898531E-01
  0.8802400000000000E+00  0.0000000000000000E+00  0.3693726603366369E-01
  0.8842320000000000E+00  0.0000000000000000E+00  0.3619579258558181E-01
  0.8882240000000000E+00  0.0000000000000000E+00  0.3546976795039170E-01
  0.8922160000000000E+00  0.0000000000000000E+00  0.3475886599233435E-01
  0.8962080000000000E+00  0.0000000000000000E+00  0.3406276764274570E-01
  0.9002000000000000E+00  0.0000000000000000E+00  0.3338116074101283E-01
  0.9041920000000000E+00  0.0000000000000000E+00  0.3271373988192720E-01
  0.9081840000000000E+00  0.0000000000000000E+00  0.3206020626397151E-01
  0.9121760000000000E+00  0.0000000000000000E+00  0.3142026754259156E-01
  0.9161680000000000E+00  0.0000000000000000E+00  0.3079363768599460E-01
  0.9201600000000000E+00  0.0000000000000000E+00  0.3018003683477222E-01
  0.9241520000000000E+00  0.0000000000000000E+00  0.2957919116377195E-01
  0.9281440000000000E+00  0.0000000000000000E+00  0.2899083274854375E-01
  0.9321360000000000E+00  0.0000000000000000E+00  0.2841469943261687E-01
  0.9361280000000000E+00  0.0000000000000000E+00  0.2785053470065909E-01
  0.9401200000000000E+00  0.0000000000000000E+00  0.2729808755247420E-01
  0.9441120000000000E+00  0.0000000000000000E+00  0.2675711237913214E-01
  0.9481039999999999E+00  0.0000000000000000E+00  0.2622736884513148E-01
  0.9520960000000001E+00  0.0000000000000000E+00  0.2570862176959017E-01
  0.9560880000000000E+00  0.0000000000000000E+00  0.2520064101227574E-01
  0.9600800000000000E+00  0.0000000000000000E+00  0.2470320136279576E-01
  0.9640720000000000E+00  0.0000000000000000E+00  0.2421608242870284E-01
  0.9680640000000000E+00  0.0000000000000000E+00  0.2373906853212200E-01
  0.9720560000000000E+00  0.0000000000000000E+00  0.2327194860210498E-01
  0.9760480000000000E+00  0.0000000000000000E+00  0.2281451607455424E-01
  0.9800400000000000E+00  0.0000000000000000E+00  0.2236656879200042E-01
  0.9840320000000000E+00  0.0000000000000000E+00  0.2192790890627790E-01
  0.9880240000000000E+00  0.0000000000000000E+00  0.2149834278265628E-01
  0.9920160000000000E+00  0.0000000000000000E+00  0.2107768090736280E-01
  0.9960080000000000E+00  0.0000000000000000E+00  0.2066573779806110E-01
  0.1000000000000000E+01  0.0000000000000000E+00  0.2026233191159443E-01
  0.1026491680839000E+01  0.0000000000000000E+00  0.1778898477002270E-01
  0.1056786161003000E+01  0.0000000000000000E+00  0.1535122262179415E-01
  0.1088703936712000E+01  0.0000000000000000E+00  0.1316906128082092E-01
  0.1121723800805000E+01  0.0000000000000000E+00  0.1126482107372184E-01
  0.1155588150741000E+01  0.0000000000000000E+00  0.9626078742742758E-02
  0.1190141050780000E+01  0.0000000000000000E+00  0.8228920739727372E-02
  0.1225277261537000E+01  0.0000000000000000E+00  0.7046018364665285E-02
  0.1260920678924000E+01  0.0000000000000000E+00  0.6050097120955815E-02
  0.1297013558176000E+01  0.0000000000000000E+00  0.5215522033545601E-02
  0.1333510502098000E+01  0.0000000000000000E+00  0.4518987235567244E-02
  0.1370374832331000E+01  0.0000000000000000E+00  0.3939745258903504E-02
  0.1407576264730000E+01  0.0000000000000000E+00  0.3459592532521039E-02
  0.1445089349019000E+01  0.0000000000000000E+00  0.3062727407848409E-02
  0.1482892381256000E+01  0.0000000000000000E+00  0.2735546237745153E-02
  0.1520966621941000E+01  0.0000000000000000E+00  0.2466415327792423E-02
  0.1559295718995000E+01  0.0000000000000000E+00  0.2245440624211799E-02
  0.1597865272400000E+01  0.0000000000000000E+00  0.2064247488300067E-02
  0.1636662499333000E+01  0.0000000000000000E+00  0.1915777098145758E-02
  0.1675675972292000E+01  0.0000000000000000E+00  0.1794102443198627E-02
  0.1714895411252000E+01  0.0000000000000000E+00  0.1694264695052257E-02
  0.1754311516553000E+01  0.0000000000000000E+00  0.1612129435367519E-02
  0.1793915832968000E+01  0.0000000000000000E+00  0.1544261484665207E-02
  0.1833700637965000E+01  0.0000000000000000E+00  0.1487816705926977E-02
  0.1873658848995000E+01  0.0000000000000000E+00  0.1440449014298813E-02
  0.1913783945901000E+01  0.0000000000000000E+00  0.1400230825690481E-02
  0.1954069905471000E+01  0.0000000000000000E+00  0.1365585262934399E-02
  0.1994511145848000E+01  0.0000000000000000E+00  0.1335228568351073E-02
  0.2035102478983000E+01  0.0000000000000000E+00  0.1308121323172928E-02
  0.2075839069744000E+01  0.0000000000000000E+00  0.1283427229840539E-02
  0.2116716400526000E+01  0.0000000000000000E+00  0.1260478364150756E-02
  0.2157730240489000E+01  0.0000000000000000E+00  0.1238745944619923E-02
  0.2198876618659000E+01  0.0000000000000000E+00  0.1217815794555932E-02
  0.2240151800332000E+01  0.0000000000000000E+00  0.1197367785744530E-02
  0.2281552266261000E+01  0.0000000000000000E+00  0.1177158654108057E-02
  0.2323074694242000E+01  0.0000000000000000E+00  0.1157007664839153E-02
  0.2364715942755000E+01  0.0000000000000000E+00  0.1136784681645020E-02
  0.2406473036380000E+01  0.0000000000000000E+00  0.1116400260323724E-02
  0.2448343152753000E+01  0.0000000000000000E+00  0.1095797443976152E-02
  0.2490323610866000E+01  0.0000000000000000E+00  0.1074944986216492E-02
  0.2532411860537000E+01  0.0000000000000000E+00  0.1053831770299209E-02
  0.2574605472910000E+01  0.0000000000000000E+00  0.1032462228380271E-02
  0.2616902131854000E+01  0.0000000000000000E+00  0.1010852595191652E-02
  0.2659299626176000E+01  0.0000000000000000E+00  0.9890278568972972E-03
  0.2701795842525000E+01  0.0000000000000000E+00  0.9670192777703757E-03
  0.2744388758938000E+01  0.0000000000000000E+00  0.9448624062077295E-03
  0.2787076438941000E+01  0.0000000000000000E+00  0.9225954775285752E-03
  0.2829857026150000E+01  0.0000000000000000E+00  0.9002581443704657E-03
  0.2872728739326000E+01  0.0000000000000000E+00  0.8778904769198894E-03
  0.2915689867825000E+01  0.0000000000000000E+00  0.8555321847327954E-03
  0.2958738767416000E+01  0.0000000000000000E+00  0.8332220199517015E-03
  0.3001873856427000E+01  0.0000000000000000E+00  0.8109973284845228E-03
  0.3045093612177000E+01  0.0000000000000000E+00  0.7888937213639721E-03
  0.3088396567689000E+01  0.0000000000000000E+00  0.7669448432681900E-03
  0.3131781308633000E+01  0.0000000000000000E+00  0.7451822191439824E-03
  0.3175246470497000E+01  0.0000000000000000E+00  0.7236351631971782E-03
  0.3218790735959000E+01  0.0000000000000000E+00  0.7023307372933581E-03
  0.3262412832440000E+01  0.0000000000000000E+00  0.6812937481062037E-03
  0.3306111529822000E+01  0.0000000000000000E+00  0.6605467743064213E-03
  0.3349885638326000E+01  0.0000000000000000E+00  0.6401102166521180E-03
  0.3393734006526000E+01  0.0000000000000000E+00  0.6200023651993085E-03
  0.3437655519494000E+01  0.0000000000000000E+00  0.6002394789435655E-03
  0.3481649097063000E+01  0.0000000000000000E+00  0.5808358741224550E-03
  0.3525713692196000E+01  0.0000000000000000E+00  0.5618040181622081E-03
  0.3569848289467000E+01  0.0000000000000000E+00  0.5431546268688352E-03
  0.3614051903620000E+01  0.0000000000000000E+00  0.5248967629949535E-03
  0.3658323578224000E+01  0.0000000000000000E+00  0.5070379347066681E-03
  0.3702662384408000E+01  0.0000000000000000E+00  0.4895841928350490E-03
  0.3747067419663000E+01  0.0000000000000000E+00  0.4725402260702044E-03
  0.3791537806719000E+01  0.0000000000000000E+00  0.4559094534736805E-03
  0.3836072692483000E+01  0.0000000000000000E+00  0.4396941138714456E-03
  0.3880671247037000E+01  0.0000000000000000E+00  0.4238953518287436E-03
  0.3925332662690000E+01  0.0000000000000000E+00  0.4085133000223115E-03
  0.3970056153079000E+01  0.0000000000000000E+00  0.3935471579122861E-03
  0.4014840952329000E+01  0.0000000000000000E+00  0.3789952666794221E-03
  0.4059686314240000E+01  0.0000000000000000E+00  0.3648551804576045E-03
  0.4104591511533000E+01  0.0000000000000000E+00  0.3511237339085583E-03
  0.4149555835123000E+01  0.0000000000000000E+00  0.3377971062335579E-03
  0.4194578593435000E+01  0.0000000000000000E+00  0.3248708817202572E-03
  0.4239659111753000E+01  0.0000000000000000E+00  0.3123401069432321E-03
  0.4284796731600000E+01  0.0000000000000000E+00  0.3001993447413536E-03
  0.4329990810147000E+01  0.0000000000000000E+00  0.2884427250983478E-03
  0.4375240719658000E+01  0.0000000000000000E+00  0.2770639930511484E-03
  0.4420545846947000E+01  0.0000000000000000E+00  0.2660565537571106E-03
  0.4465905592879000E+01  0.0000000000000000E+00  0.2554135148337801E-03
  0.4511319371877000E+01  0.0000000000000000E+00  0.2451277260987924E-03
  0.4556786611463000E+01  0.0000000000000000E+00  0.2351918168166988E-03
  0.4602306751816000E+01  0.0000000000000000E+00  0.2255982305660083E-03
  0.4647879245346000E+01  0.0000000000000000E+00  0.2163392578310153E-03
  0.4693503556296000E+01  0.0000000000000000E+00  0.2074070664160462E-03
  0.4739179160353000E+01  0.0000000000000000E+00  0.1987937297820128E-03
  0.4784905544280000E+01  0.0000000000000000E+00  0.1904912533946758E-03
  0.4830682205562000E+01  0.0000000000000000E+00  0.1824915991743964E-03
  0.4876508652067000E+01  0.0000000000000000E+00  0.1747867081321742E-03
  0.4922384401727000E+01  0.0000000000000000E+00  0.1673685212732701E-03
  0.4968308982220000E+01  0.0000000000000000E+00  0.1602289988509262E-03
  0.5014281930677000E+01  0.0000000000000000E+00  0.1533601380430404E-03
  0.5060302793397000E+01  0.0000000000000000E+00  0.1467539891293779E-03
  0.5106371125568000E+01  0.0000000000000000E+00  0.1404026702420384E-03
  0.5152486491010000E+01  0.0000000000000000E+00  0.1342983807575582E-03
  0.5198648461916000E+01  0.0000000000000000E+00  0.1284334134029598E-03
  0.5244856618613000E+01  0.0000000000000000E+00  0.1228001651397794E-03
  0.5291110549327000E+01  0.0000000000000000E+00  0.1173911468937337E-03
  0.5337409849959000E+01  0.0000000000000000E+00  0.1121989921928436E-03
  0.5383754123869000E+01  0.0000000000000000E+00  0.1072164647765143E-03
  0.5430142981663000E+01  0.0000000000000000E+00  0.1024364652365073E-03
  0.5476576041002000E+01  0.0000000000000000E+00  0.9785203674655767E-04
  0.5523052926401000E+01  0.0000000000000000E+00  0.9345636994103735E-04
  0.5569573269047000E+01  0.0000000000000000E+00  0.8924280699483424E-04
  0.5616136706617000E+01  0.0000000000000000E+00  0.8520484495984875E-04
  0.5662742883108000E+01  0.0000000000000000E+00  0.8133613840854860E-04
  0.5709391448671000E+01  0.0000000000000000E+00  0.7763050143508376E-04
  0.5756082059445000E+01  0.0000000000000000E+00  0.7408190906201362E-04
  0.5802814377408000E+01  0.0000000000000000E+00  0.7068449809720074E-04
  0.5849588070221000E+01  0.0000000000000000E+00  0.6743256748670552E-04
  0.5896402811091000E+01  0.0000000000000000E+00  0.6432057820370165E-04
  0.5943258278624000E+01  0.0000000000000000E+00  0.6134315271553034E-04
  0.5990154156692000E+01  0.0000000000000000E+00  0.5849507406522844E-04
  0.6037090134305000E+01  0.0000000000000000E+00  0.5577128460435321E-04
  0.6084065905483000E+01  0.0000000000000000E+00  0.5316688441157414E-04
  0.6131081169131000E+01  0.0000000000000000E+00  0.5067712942910036E-04
  0.6178135628925000E+01  0.0000000000000000E+00  0.4829742934697056E-04
  0.6225228993198000E+01  0.0000000000000000E+00  0.4602334526445300E-04
  0.6272360974825000E+01  0.0000000000000000E+00  0.4385058715537109E-04
  0.6319531291118000E+01  0.0000000000000000E+00  0.4177501116191929E-04
  0.6366739663724000E+01  0.0000000000000000E+00  0.3979261674078443E-04
  0.6413985818521000E+01  0.0000000000000000E+00  0.3789954368356908E-04
  0.6461269485525000E+01  0.0000000000000000E+00  0.3609206903121805E-04
  0.6508590398791000E+01  0.0000000000000000E+00  0.3436660390190785E-04
  0.6555948296322000E+01  0.0000000000000000E+00  0.3271969024913832E-04
  0.6603342919984000E+01  0.0000000000000000E+00  0.3114799756610865E-04
  0.6650774015417000E+01  0.0000000000000000E+00  0.2964831955137187E-04
  0.6698241331950000E+01  0.0000000000000000E+00  0.2821757074887440E-04
  0.6745744622523000E+01  0.0000000000000000E+00  0.2685278317455342E-04
  0.6793283643606000E+01  0.0000000000000000E+00  0.2555110294093743E-04
  0.6840858155125000E+01  0.0000000000000000E+00  0.2430978688952875E-04
  0.6888467920385000E+01  0.0000000000000000E+00  0.2312619924035583E-04
  0.6936112705998000E+01  0.0000000000000000E+00  0.2199780826664671E-04
  0.6983792281816000E+01  0.0000000000000000E+00  0.2092218300196100E-04
  0.7031506420860000E+01  0.0000000000000000E+00  0.1989698998649910E-04
  0.7079254899255000E+01  0.0000000000000000E+00  0.1891999005809618E-04
  0.7127037496165000E+01  0.0000000000000000E+00  0.1798903519309831E-04
  0.7174853993732000E+01  0.0000000000000000E+00  0.1710206540143738E-04
  0.7222704177013000E+01  0.0000000000000000E+00  0.1625710567982244E-04
  0.7270587833923000E+01  0.0000000000000000E+00  0.1545226302613688E-04
  0.7318504755175000E+01  0.0000000000000000E+00  0.1468572351793920E-04
  0.7366454734226000E+01  0.0000000000000000E+00  0.1395574945716631E-04
  0.7414437567223000E+01  0.0000000000000000E+00  0.1326067658297655E-04
  0.7462453052947000E+01  0.0000000000000000E+00  0.1259891135418163E-04
  0.7510500992765000E+01  0.0000000000000000E+00  0.1196892830219498E-04
  0.7558581190576000E+01  0.0000000000000000E+00  0.1136926745544019E-04
  0.7606693452764000E+01  0.0000000000000000E+00  0.1079853183548137E-04
  0.7654837588152000E+01  0.0000000000000000E+00  0.1025538502514313E-04
  0.7703013407952000E+01  0.0000000000000000E+00  0.9738548808603586E-05
  0.7751220725721000E+01  0.0000000000000000E+00  0.9246800883058750E-05
  0.7799459357318000E+01  0.0000000000000000E+00  0.8778972641545643E-05
  0.7847729120860000E+01  0.0000000000000000E+00  0.8333947026291439E-05
  0.7896029836678000E+01  0.0000000000000000E+00  0.7910656451769293E-05
  0.7944361327281000E+01  0.0000000000000000E+00  0.7508080796455971E-05
  0.7992723417312000E+01  0.0000000000000000E+00  0.7125245462380090E-05
  0.8041115933508999E+01  0.0000000000000000E+00  0.6761219501182758E-05
  0.8089538704670000E+01  0.0000000000000000E+00  0.6415113805464871E-05
  0.8137991561612001E+01  0.0000000000000000E+00  0.6086079364176671E-05
  0.8186474337138000E+01  0.0000000000000000E+00  0.5773305580563180E-05
  0.8234986866002000E+01  0.0000000000000000E+00  0.5476018651310517E-05
  0.8283528984870999E+01  0.0000000000000000E+00  0.5193480005418682E-05
  0.8332100532294000E+01  0.0000000000000000E+00  0.4924984801233676E-05
  0.8380701348668000E+01  0.0000000000000000E+00  0.4669860480174403E-05
  0.8429331276208000E+01  0.0000000000000000E+00  0.4427465375566973E-05
  0.8477990158912000E+01  0.0000000000000000E+00  0.4197187375079408E-05
  0.8526677842534999E+01  0.0000000000000000E+00  0.3978442635126689E-05
  0.8575394174554001E+01  0.0000000000000000E+00  0.3770674345778605E-05
  0.8624139004142000E+01  0.0000000000000000E+00  0.3573351544533972E-05
  0.8672912182138001E+01  0.0000000000000000E+00  0.3385967977484081E-05
  0.8721713561022000E+01  0.0000000000000000E+00  0.3208041006302398E-05
  0.8770542994884000E+01  0.0000000000000000E+00  0.3039110559597820E-05
  0.8819400339396999E+01  0.0000000000000000E+00  0.2878738127106056E-05
  0.8868285451794000E+01  0.0000000000000000E+00  0.2726505795262621E-05
  0.8917198190842999E+01  0.0000000000000000E+00  0.2582015322743167E-05
  0.8966138416814999E+01  0.0000000000000000E+00  0.2444887254573871E-05
  0.9015105991470000E+01  0.0000000000000000E+00  0.2314760073361166E-05
  0.9064100778025001E+01  0.0000000000000000E+00  0.2191289386398570E-05
  0.9113122641131000E+01  0.0000000000000000E+00  0.2074147147253387E-05
  0.9162171446858000E+01  0.0000000000000000E+00  0.1963020910559775E-05
  0.9211247062662000E+01  0.0000000000000000E+00  0.1857613118827552E-05
  0.9260349357370000E+01  0.0000000000000000E+00  0.1757640419962813E-05
  0.9309478201156001E+01  0.0000000000000000E+00  0.1662833014381462E-05
  0.9358633465522001E+01  0.0000000000000000E+00  0.1572934030533696E-05
  0.9407815023274001E+01  0.0000000000000000E+00  0.1487698927743958E-05
  0.9457022748506001E+01  0.0000000000000000E+00  0.1406894925260200E-05
  0.9506256516575000E+01  0.0000000000000000E+00  0.1330300456494991E-05
  0.9555516204088001E+01  0.0000000000000000E+00  0.1257704647408138E-05
  0.9604801688877000E+01  0.0000000000000000E+00  0.1188906818088542E-05
  0.9654112849986999E+01  0.0000000000000000E+00  0.1123716006547554E-05
  0.9703449567649001E+01  0.0000000000000000E+00  0.1061950513847840E-05
  0.9752811723272000E+01  0.0000000000000000E+00  0.1003437469636122E-05
  0.9802199199419000E+01  0.0000000000000000E+00  0.9480124172727063E-06
  0.9851611879789999E+01  0.0000000000000000E+00  0.8955189177032840E-06
  0.9901049649209000E+01  0.0000000000000000E+00  0.8458081712852369E-06
  0.9950512393606999E+01  0.0000000000000000E+00  0.7987386568126684E-06
  0.1000000000000000E+02  0.0000000000000000E+00  0.7541757870031805E-06
  0.1005000000000000E+02  0.0000000000000000E+00  0.7115876307559388E-06
  0.1010000000000000E+02  0.0000000000000000E+00  0.6713196033028905E-06
  0.1015000000000000E+02  0.0000000000000000E+00  0.6332493334737658E-06
  0.1020000000000000E+02  0.0000000000000000E+00  0.5972607379650158E-06
  0.1025000000000000E+02  0.0000000000000000E+00  0.5632437041602178E-06
  0.1030000000000000E+02  0.0000000000000000E+00  0.5310937887300998E-06
  0.1035000000000000E+02  0.0000000000000000E+00  0.5007119312425991E-06
  0.1040000000000000E+02  0.0000000000000000E+00  0.4720041820492662E-06
  0.1045000000000000E+02  0.0000000000000000E+00  0.4448814437486849E-06
  0.1050000000000000E+02  0.0000000000000000E+00  0.4192592255603899E-06
  0.1055000000000000E+02  0.0000000000000000E+00  0.3950574099743310E-06
  0.1060000000000000E+02  0.0000000000000000E+00  0.3722000310710166E-06
  0.1065000000000000E+02  0.0000000000000000E+00  0.3506150639362754E-06
  0.1070000000000000E+02  0.0000000000000000E+00  0.3302342246221854E-06
  0.1075000000000000E+02  0.0000000000000000E+00  0.3109927801319628E-06
  0.1080000000000000E+02  0.0000000000000000E+00  0.2928293679318682E-06
  0.1085000000000000E+02  0.0000000000000000E+00  0.2756858245171184E-06
  0.1090000000000000E+02  0.0000000000000000E+00  0.2595070225818084E-06
  0.1095000000000000E+02  0.0000000000000000E+00  0.2442407163647089E-06
  0.1100000000000000E+02  0.0000000000000000E+00  0.2298373947637079E-06
  0.1105000000000000E+02  0.0000000000000000E+00  0.2162501418315892E-06
  0.1110000000000000E+02  0.0000000000000000E+00  0.2034345042848606E-06
  0.1115000000000000E+02  0.0000000000000000E+00  0.1913483656754343E-06
  0.1120000000000000E+02  0.0000000000000000E+00  0.1799518268922606E-06
  0.1125000000000000E+02  0.0000000000000000E+00  0.1692070926764338E-06
  0.1130000000000000E+02  0.0000000000000000E+00  0.1590783638489875E-06
  0.1135000000000000E+02  0.0000000000000000E+00  0.1495317349654955E-06
  0.1140000000000000E+02  0.0000000000000000E+00  0.1405350971258204E-06
  0.1145000000000000E+02  0.0000000000000000E+00  0.1320580456808638E-06
  0.1150000000000000E+02  0.0000000000000000E+00  0.1240717925910438E-06
  0.1155000000000000E+02  0.0000000000000000E+00  0.1165490832034729E-06
  0.1160000000000000E+02  0.0000000000000000E+00  0.1094641172264544E-06
  0.1165000000000000E+02  0.0000000000000000E+00  0.1027924736909911E-06
  0.1170000000000000E+02  0.0000000000000000E+00  0.9651103969953868E-07
  0.1175000000000000E+02  0.0000000000000000E+00  0.9059794277224637E-07
  0.1180000000000000E+02  0.0000000000000000E+00  0.8503248661044545E-07
  0.1185000000000000E+02  0.0000000000000000E+00  0.7979509010619833E-07
  0.1190000000000000E+02  0.0000000000000000E+00  0.7486722943531300E-07
  0.1195000000000000E+02  0.0000000000000000E+00  0.7023138307939945E-07
  0.1200000000000000E+02  0.0000000000000000E+00  0.6587097963030060E-07
  0.1205000000000000E+02  0.0000000000000000E+00  0.6177034823760591E-07
  0.1210000000000000E+02  0.0000000000000000E+00  0.5791467156695280E-07
  0.1215000000000000E+02  0.0000000000000000E+00  0.5428994114347075E-07
  0.1220000000000000E+02  0.0000000000000000E+00  0.5088291496103802E-07
  0.1225000000000000E+02  0.0000000000000000E+00  0.4768107724401159E-07
  0.1230000000000000E+02  0.0000000000000000E+00  0.4467260025378627E-07
  0.1235000000000000E+02  0.0000000000000000E+00  0.4184630803793903E-07
  0.1240000000000000E+02  0.0000000000000000E+00  0.3919164202484621E-07
  0.1245000000000000E+02  0.0000000000000000E+00  0.3669862837153018E-07
  0.1250000000000000E+02  0.0000000000000000E+00  0.3435784697711083E-07
  0.1255000000000000E+02  0.0000000000000000E+00  0.3216040207863115E-07
  0.1260000000000000E+02  0.0000000000000000E+00  0.3009789435018252E-07
  0.1265000000000000E+02  0.0000000000000000E+00  0.2816239443021430E-07
  0.1270000000000000E+02  0.0000000000000000E+00  0.2634641780566268E-07
  0.1275000000000000E+02  0.0000000000000000E+00  0.2464290098509137E-07
  0.1280000000000000E+02  0.0000000000000000E+00  0.2304517889642305E-07
  0.1285000000000000E+02  0.0000000000000000E+00  0.2154696344804431E-07
  0.1290000000000000E+02  0.0000000000000000E+00  0.2014232319511563E-07
  0.1295000000000000E+02  0.0000000000000000E+00  0.1882566405580798E-07
  0.1300000000000000E+02  0.0000000000000000E+00  0.1759171102493397E-07
  0.1305000000000000E+02  0.0000000000000000E+00  0.1643549083504649E-07
  0.1310000000000000E+02  0.0000000000000000E+00  0.1535231551755327E-07
  0.1315000000000000E+02  0.0000000000000000E+00  0.1433776681874506E-07
  0.1320000000000000E+02  0.0000000000000000E+00  0.1338768142786669E-07
  0.1325000000000000E+02  0.0000000000000000E+00  0.1249813697647839E-07
  0.1330000000000000E+02  0.0000000000000000E+00  0.1166543877036914E-07
  0.1335000000000000E+02  0.0000000000000000E+00  0.1088610721719340E-07
  0.1340000000000000E+02  0.0000000000000000E+00  0.1015686591482020E-07
  0.1345000000000000E+02  0.0000000000000000E+00  0.9474630367108083E-08
  0.1350000000000000E+02  0.0000000000000000E+00  0.8836497295459073E-08
  0.1355000000000000E+02  0.0000000000000000E+00  0.8239734516062009E-08
  0.1360000000000000E+02  0.0000000000000000E+00  0.7681771354216970E-08
  0.1365000000000000E+02  0.0000000000000000E+00  0.7160189568538523E-08
  0.1370000000000000E+02  0.0000000000000000E+00  0.6672714759173922E-08
  0.1375000000000000E+02  0.0000000000000000E+00  0.6217208235443045E-08
  0.1380000000000000E+02  0.0000000000000000E+00  0.5791659319516975E-08
  0.1385000000000000E+02  0.0000000000000000E+00  0.5394178063900141E-08
  0.1390000000000000E+02  0.0000000000000000E+00  0.5022988361575552E-08
  0.1395000000000000E+02  0.0000000000000000E+00  0.4676421428711606E-08
  0.1400000000000000E+02  0.0000000000000000E+00  0.4352909640817921E-08
  0.1405000000000000E+02  0.0000000000000000E+00  0.4050980704178833E-08
  0.1410000000000000E+02  0.0000000000000000E+00  0.3769252145287664E-08
  0.1415000000000000E+02  0.0000000000000000E+00  0.3506426101856832E-08
  0.1420000000000000E+02  0.0000000000000000E+00  0.3261284399789058E-08
  0.1425000000000000E+02  0.0000000000000000E+00  0.3032683901265784E-08
  0.1430000000000000E+02  0.0000000000000000E+00  0.2819552109843017E-08
  0.1435000000000000E+02  0.0000000000000000E+00  0.2620883019142994E-08
  0.1440000000000000E+02  0.0000000000000000E+00  0.2435733192394919E-08
  0.1445000000000000E+02  0.0000000000000000E+00  0.2263218060710828E-08
  0.1450000000000000E+02  0.0000000000000000E+00  0.2102508428584548E-08
  0.1455000000000000E+02  0.0000000000000000E+00  0.1952827175675737E-08
  0.1460000000000000E+02  0.0000000000000000E+00  0.1813446144486095E-08
  0.1465000000000000E+02  0.0000000000000000E+00  0.1683683204054987E-08
  0.1470000000000000E+02  0.0000000000000000E+00  0.1562899480296092E-08
  0.1475000000000000E+02  0.0000000000000000E+00  0.1450496744067744E-08
  0.1480000000000000E+02  0.0000000000000000E+00  0.1345914948517974E-08
  0.1485000000000000E+02  0.0000000000000000E+00  0.1248629907672002E-08
  0.1490000000000000E+02  0.0000000000000000E+00  0.1158151108636309E-08
  0.1495000000000000E+02  0.0000000000000000E+00  0.1074019650180291E-08
  0.1500000000000000E+02  0.0000000000000000E+00  0.9958063008244780E-09
  0.1505000000000000E+02  0.0000000000000000E+00  0.9231096699150843E-09
  0.1510000000000000E+02  0.0000000000000000E+00  0.8555544854979616E-09
  0.1515000000000000E+02  0.0000000000000000E+00  0.7927899731227620E-09
  0.1520000000000000E+02  0.0000000000000000E+00  0.7344883300101414E-09
  0.1525000000000000E+02  0.0000000000000000E+00  0.6803432893024416E-09
  0.1530000000000000E+02  0.0000000000000000E+00  0.6300687693918600E-09
  0.1535000000000000E+02  0.0000000000000000E+00  0.5833976035804700E-09
  0.1540000000000000E+02  0.0000000000000000E+00  0.5400803455740288E-09
  0.1545000000000000E+02  0.0000000000000000E+00  0.4998841465471734E-09
  0.1550000000000000E+02  0.0000000000000000E+00  0.4625916997415086E-09
  0.1555000000000000E+02  0.0000000000000000E+00  0.4280002487712789E-09
  0.1560000000000000E+02  0.0000000000000000E+00  0.3959206560137805E-09
  0.1565000000000000E+02  0.0000000000000000E+00  0.3661765276543142E-09
  0.1570000000000000E+02  0.0000000000000000E+00  0.3386033921385363E-09
  0.1575000000000000E+02  0.0000000000000000E+00  0.3130479289589850E-09
  0.1580000000000000E+02  0.0000000000000000E+00  0.2893672448679521E-09
  0.1585000000000000E+02  0.0000000000000000E+00  0.2674281947658407E-09
  0.1590000000000000E+02  0.0000000000000000E+00  0.2471067446633823E-09
  0.1595000000000000E+02  0.0000000000000000E+00  0.2282873742577412E-09
  0.1600000000000000E+02  0.0000000000000000E+00  0.2108625167970315E-09
  0.1605000000000000E+02  0.0000000000000000E+00  0.1947320340354993E-09
  0.1610000000000000E+02  0.0000000000000000E+00  0.1798027242027866E-09
  0.1615000000000000E+02  0.0000000000000000E+00  0.1659878610257098E-09
  0.1620000000000000E+02  0.0000000000000000E+00  0.1532067619500737E-09
  0.1625000000000000E+02  0.0000000000000000E+00  0.1413843838135313E-09
  0.1630000000000000E+02  0.0000000000000000E+00  0.1304509443185842E-09
  0.1635000000000000E+02  0.0000000000000000E+00  0.1203415677478779E-09
  0.1640000000000000E+02  0.0000000000000000E+00  0.1109959534520740E-09
  0.1645000000000000E+02  0.0000000000000000E+00  0.1023580657241253E-09
  0.1650000000000000E+02  0.0000000000000000E+00  0.9437584375292600E-10
  0.1655000000000000E+02  0.0000000000000000E+00  0.8700093042423335E-10
  0.1660000000000000E+02  0.0000000000000000E+00  0.8018841880773362E-10
  0.1665000000000000E+02  0.0000000000000000E+00  0.7389661523628639E-10
  0.1670000000000000E+02  0.0000000000000000E+00  0.6808681794694162E-10
  0.1675000000000000E+02  0.0000000000000000E+00  0.6272311031347038E-10
  0.1680000000000000E+02  0.0000000000000000E+00  0.5777216775700924E-10
  0.1685000000000000E+02  0.0000000000000000E+00  0.5320307747520923E-10
  0.1690000000000000E+02  0.0000000000000000E+00  0.4898717018111464E-10
  0.1695000000000000E+02  0.0000000000000000E+00  0.4509786309103094E-10
  0.1700000000000000E+02  0.0000000000000000E+00  0.4151051344604012E-10
  0.1705000000000000E+02  0.0000000000000000E+00  0.3820228189467588E-10
  0.1710000000000000E+02  0.0000000000000000E+00  0.3515200510475443E-10
  0.1715000000000000E+02  0.0000000000000000E+00  0.3234007701056095E-10
  0.1720000000000000E+02  0.0000000000000000E+00  0.2974833813764499E-10
  0.1725000000000000E+02  0.0000000000000000E+00  0.2735997248149058E-10
  0.1730000000000000E+02  0.0000000000000000E+00  0.2515941144840245E-10
  0.1735000000000000E+02  0.0000000000000000E+00  0.2313224439719617E-10
  0.1740000000000000E+02  0.0000000000000000E+00  0.2126513534878291E-10
  0.1745000000000000E+02  0.0000000000000000E+00  0.1954574545759980E-10
  0.1750000000000000E+02  0.0000000000000000E+00  0.1796266086414028E-10
  0.1755000000000000E+02  0.0000000000000000E+00  0.1650532557166068E-10
  0.1760000000000000E+02  0.0000000000000000E+00  0.1516397901257461E-10
  0.1765000000000000E+02  0.0000000000000000E+00  0.1392959799115330E-10
  0.1770000000000000E+02  0.0000000000000000E+00  0.1279384270901119E-10
  0.1775000000000000E+02  0.0000000000000000E+00  0.1174900659853946E-10
  0.1780000000000000E+02  0.0000000000000000E+00  0.1078796970700992E-10
  0.1785000000000000E+02  0.0000000000000000E+00  0.9904155390586834E-11
  0.1790000000000000E+02  0.0000000000000000E+00  0.9091490092996705E-11
  0.1795000000000000E+02  0.0000000000000000E+00  0.8344365998180706E-11
  0.1800000000000000E+02  0.0000000000000000E+00  0.7657606359944123E-11
  0.1805000000000000E+02  0.0000000000000000E+00  0.7026433324464551E-11
  0.1810000000000000E+02  0.0000000000000000E+00  0.6446438073584124E-11
  0.1815000000000000E+02  0.0000000000000000E+00  0.5913553128125499E-11
  0.1820000000000000E+02  0.0000000000000000E+00  0.5424026661085895E-11
  0.1825000000000000E+02  0.0000000000000000E+00  0.4974398680517401E-11
  0.1830000000000000E+02  0.0000000000000000E+00  0.4561478951229832E-11
  0.1835000000000000E+02  0.0000000000000000E+00  0.4182326533197189E-11
  0.1840000000000000E+02  0.0000000000000000E+00  0.3834230822738941E-11
  0.1845000000000000E+02  0.0000000000000000E+00  0.3514693990218613E-11
  0.1850000000000000E+02  0.0000000000000000E+00  0.3221414715184586E-11
  0.1855000000000000E+02  0.0000000000000000E+00  0.2952273126599999E-11
  0.1860000000000000E+02  0.0000000000000000E+00  0.2705316862099246E-11
  0.1865000000000000E+02  0.0000000000000000E+00  0.2478748166092162E-11
  0.1870000000000000E+02  0.0000000000000000E+00  0.2270911952039113E-11
  0.1875000000000000E+02  0.0000000000000000E+00  0.2080284759364217E-11
  0.1880000000000000E+02  0.0000000000000000E+00  0.1905464540280474E-11
  0.1885000000000000E+02  0.0000000000000000E+00  0.1745161216292563E-11
  0.1890000000000000E+02  0.0000000000000000E+00  0.1598187948337225E-11
  0.1895000000000000E+02  0.0000000000000000E+00  0.1463453068438496E-11
  0.1900000000000000E+02  0.0000000000000000E+00  0.1339952624411075E-11
  0.1905000000000000E+02  0.0000000000000000E+00  0.1226763492556850E-11
  0.1910000000000000E+02  0.0000000000000000E+00  0.1123037016482825E-11
  0.1915000000000000E+02  0.0000000000000000E+00  0.1027993133136981E-11
  0.1920000000000000E+02  0.0000000000000000E+00  0.9409149499262494E-12
  0.1925000000000000E+02  0.0000000000000000E+00  0.8611437393606648E-12
  0.1930000000000000E+02  0.0000000000000000E+00  0.7880743200712032E-12
  0.1935000000000000E+02  0.0000000000000000E+00  0.7211507952882790E-12
  0.1940000000000000E+02  0.0000000000000000E+00  0.6598626219530009E-12
  0.1945000000000000E+02  0.0000000000000000E+00  0.6037409855746231E-12
  0.1950000000000000E+02  0.0000000000000000E+00  0.5523554577546959E-12
  0.1955000000000000E+02  0.0000000000000000E+00  0.5053109149794286E-12
  0.1960000000000000E+02  0.0000000000000000E+00  0.4622446988458345E-12
  0.1965000000000000E+02  0.0000000000000000E+00  0.4228239993414529E-12
  0.1970000000000000E+02  0.0000000000000000E+00  0.3867434441494576E-12
  0.1975000000000000E+02  0.0000000000000000E+00  0.3537228782075799E-12
  0.1980000000000000E+02  0.0000000000000000E+00  0.3235053189167161E-12
  0.1985000000000000E+02  0.0000000000000000E+00  0.2958550734796964E-12
  0.1990000000000000E+02  0.0000000000000000E+00  0.2705560058577213E-12
  0.1995000000000000E+02  0.0000000000000000E+00  0.2474099417669523E-12
  0.2000000000000000E+02  0.0000000000000000E+00  0.2262352010055152E-12
  0.2014000000000000E+02  0.0000000000000000E+00  0.1760683571919841E-12
  0.2028000000000000E+02  0.0000000000000000E+00  0.1369958374844083E-12
  0.2042000000000000E+02  0.0000000000000000E+00  0.1065776914462206E-12
  0.2056000000000000E+02  0.0000000000000000E+00  0.8290602085650567E-13
  0.2070000000000000E+02  0.0000000000000000E+00  0.6449030696203086E-13
  0.2084000000000000E+02  0.0000000000000000E+00  0.5016708622729479E-13
  0.2098000000000000E+02  0.0000000000000000E+00  0.3902889925186253E-13
  0.2112000000000000E+02  0.0000000000000000E+00  0.3036847207780780E-13
  0.2126000000000000E+02  0.0000000000000000E+00  0.2363491835663143E-13
  0.2140000000000000E+02  0.0000000000000000E+00  0.1839941423835282E-13
  0.2154000000000000E+02  0.0000000000000000E+00  0.1432832754718079E-13
  0.2168000000000000E+02  0.0000000000000000E+00  0.1116220497227975E-13
  0.2182000000000000E+02  0.0000000000000000E+00  0.8699356846678332E-14
  0.2196000000000000E+02  0.0000000000000000E+00  0.6783045785740725E-14
  0.2210000000000000E+02  0.0000000000000000E+00  0.5291496876727620E-14
  0.2224000000000000E+02  0.0000000000000000E+00  0.4130114426229706E-14
  0.2238000000000000E+02  0.0000000000000000E+00  0.3225422465225007E-14
  0.2252000000000000E+02  0.0000000000000000E+00  0.2520350487851097E-14
  0.2266000000000000E+02  0.0000000000000000E+00  0.1970568027688613E-14
  0.2280000000000000E+02  0.0000000000000000E+00  0.1541636262023009E-14
  0.2294000000000000E+02  0.0000000000000000E+00  0.1206795553361833E-14
  0.2308000000000000E+02  0.0000000000000000E+00  0.9452476108997443E-15
  0.2322000000000000E+02  0.0000000000000000E+00  0.7408221033302390E-15
  0.2336000000000000E+02  0.0000000000000000E+00  0.5809419177623533E-15
  0.2350000000000000E+02  0.0000000000000000E+00  0.4558202927138307E-15
  0.2364000000000000E+02  0.0000000000000000E+00  0.3578379054519499E-15
  0.2378000000000000E+02  0.0000000000000000E+00  0.2810595713758470E-15
  0.2392000000000000E+02  0.0000000000000000E+00  0.2208592287991113E-15
  0.2406000000000000E+02  0.0000000000000000E+00  0.1736288967778301E-15
  0.2420000000000000E+02  0.0000000000000000E+00  0.1365527462136106E-15
  0.2434000000000000E+02  0.0000000000000000E+00  0.1074316598062360E-15
  0.2448000000000000E+02  0.0000000000000000E+00  0.8454694402428913E-16
  0.2462000000000000E+02  0.0000000000000000E+00  0.6655440665325138E-16
  0.2476000000000000E+02  0.0000000000000000E+00  0.5240199096014530E-16
  0.2490000000000000E+02  0.0000000000000000E+00  0.4126569012475721E-16
  0.2504000000000000E+02  0.0000000000000000E+00  0.3249965301001176E-16
  0.2518000000000000E+02  0.0000000000000000E+00  0.2559731209758065E-16
  0.2532000000000000E+02  0.0000000000000000E+00  0.2016107672653171E-16
  0.2546000000000000E+02  0.0000000000000000E+00  0.1587868639432431E-16
  0.2560000000000000E+02  0.0000000000000000E+00  0.1250474607283250E-16
  0.2574000000000000E+02  0.0000000000000000E+00  0.9846296363909606E-17
  0.2588000000000000E+02  0.0000000000000000E+00  0.7751527641118095E-17
  0.2602000000000000E+02  0.0000000000000000E+00  0.6100945952799766E-17
  0.2616000000000000E+02  0.0000000000000000E+00  0.4800452441473664E-17
  0.2630000000000000E+02  0.0000000000000000E+00  0.3775917457621572E-17
  0.2644000000000000E+02  0.0000000000000000E+00  0.2968923218029017E-17
  0.2658000000000000E+02  0.0000000000000000E+00  0.2333420816717965E-17
  0.2672000000000000E+02  0.0000000000000000E+00  0.1833103308582021E-17
  0.2686000000000000E+02  0.0000000000000000E+00  0.1439340062680935E-17
  0.2700000000000000E+02  0.0000000000000000E+00  0.1129551416640421E-17
  0.2714000000000000E+02  0.0000000000000000E+00  0.8859290166798219E-18
  0.2728000000000000E+02  0.0000000000000000E+00  0.6944277720510920E-18
  0.2742000000000000E+02  0.0000000000000000E+00  0.5439713833253610E-18
  0.2756000000000000E+02  0.0000000000000000E+00  0.4258259245153548E-18
  0.2770000000000000E+02  0.0000000000000000E+00  0.3331057474671470E-18
  0.2784000000000000E+02  0.0000000000000000E+00  0.2603836368779624E-18
  0.2798000000000000E+02  0.0000000000000000E+00  0.2033831443388311E-18
  0.2812000000000000E+02  0.0000000000000000E+00  0.1587357341362312E-18
  0.2826000000000000E+02  0.0000000000000000E+00  0.1237890654274820E-18
  0.2840000000000000E+02  0.0000000000000000E+00  0.9645563535317284E-19
  0.2854000000000000E+02  0.0000000000000000E+00  0.7509328752354648E-19
  0.2868000000000000E+02  0.0000000000000000E+00  0.5841088418465899E-19
  0.2882000000000000E+02  0.0000000000000000E+00  0.4539385293659734E-19
  0.2896000000000000E+02  0.0000000000000000E+00  0.3524543199559708E-19
  0.2910000000000000E+02  0.0000000000000000E+00  0.2734031572741901E-19
  0.2924000000000000E+02  0.0000000000000000E+00  0.2118809472275137E-19
  0.2938000000000000E+02  0.0000000000000000E+00  0.1640443140256144E-19
  0.2952000000000000E+02  0.0000000000000000E+00  0.1268834393930045E-19
  0.2966000000000000E+02  0.0000000000000000E+00  0.9804312448838292E-20
  0.2980000000000000E+02  0.0000000000000000E+00  0.7568191056383823E-20
  0.2994000000000000E+02  0.0000000000000000E+00  0.5836122613199161E-20
  0.3008000000000000E+02  0.0000000000000000E+00  0.4495821396810701E-20
  0.3022000000000000E+02  0.0000000000000000E+00  0.3459722417429631E-20
  0.3036000000000000E+02  0.0000000000000000E+00  0.2659601358624218E-20
  0.3050000000000000E+02  0.0000000000000000E+00  0.2042352530673197E-20
  0.3064000000000000E+02  0.0000000000000000E+00  0.1566678117570360E-20
  0.3078000000000000E+02  0.0000000000000000E+00  0.1200494096084645E-20
  0.3092000000000000E+02  0.0000000000000000E+00  0.9188993791036344E-21
  0.3106000000000000E+02  0.0000000000000000E+00  0.7025872658389881E-21
  0.3120000000000000E+02  0.0000000000000000E+00  0.5366039731195879E-21
  0.3134000000000000E+02  0.0000000000000000E+00  0.4093793037244763E-21
  0.3148000000000000E+02  0.0000000000000000E+00  0.3119705107582131E-21
  0.3162000000000000E+02  0.0000000000000000E+00  0.2374730371435549E-21
  0.3176000000000000E+02  0.0000000000000000E+00  0.1805617555589384E-21
  0.3190000000000000E+02  0.0000000000000000E+00  0.1371341679801690E-21
  0.3204000000000000E+02  0.0000000000000000E+00  0.1040331897335578E-21
  0.3218000000000000E+02  0.0000000000000000E+00  0.7883199221959193E-22
  0.3232000000000000E+02  0.0000000000000000E+00  0.5966718932601358E-22
  0.3246000000000000E+02  0.0000000000000000E+00  0.4510964490551363E-22
  0.3260000000000000E+02  0.0000000000000000E+00  0.3406452632263012E-22
  0.3274000000000000E+02  0.0000000000000000E+00  0.2569406923833216E-22
  0.3288000000000000E+02  0.0000000000000000E+00  0.1935795985369510E-22
  0.3302000000000000E+02  0.0000000000000000E+00  0.1456736825582692E-22
  0.3316000000000000E+02  0.0000000000000000E+00  0.1094954768691645E-22
  0.3330000000000000E+02  0.0000000000000000E+00  0.8220602574651118E-23
  0.3344000000000000E+02  0.0000000000000000E+00  0.6164564802558974E-23
  0.3358000000000000E+02  0.0000000000000000E+00  0.4617335822608944E-23
  0.3372000000000000E+02  0.0000000000000000E+00  0.3454377640268450E-23
  0.3386000000000000E+02  0.0000000000000000E+00  0.2581288704218581E-23
  0.3400000000000000E+02  0.0000000000000000E+00  0.1926597206619543E-23
  0.3414000000000000E+02  0.0000000000000000E+00  0.1436256701018265E-23
  0.3428000000000000E+02  0.0000000000000000E+00  0.1069447022954331E-23
  0.3442000000000000E+02  0.0000000000000000E+00  0.7953748758131234E-24
  0.3456000000000000E+02  0.0000000000000000E+00  0.5908390751687121E-24
  0.3470000000000000E+02  0.0000000000000000E+00  0.4383799736589699E-24
  0.3484000000000000E+02  0.0000000000000000E+00  0.3248746350907001E-24
  0.3498000000000000E+02  0.0000000000000000E+00  0.2404717085898177E-24
  0.3512000000000000E+02  0.0000000000000000E+00  0.1777848618427947E-24
  0.3526000000000000E+02  0.0000000000000000E+00  0.1312827679988990E-24
  0.3540000000000000E+02  0.0000000000000000E+00  0.9682832309516329E-25
  0.3554000000000000E+02  0.0000000000000000E+00  0.7133102209801536E-25
  0.3568000000000000E+02  0.0000000000000000E+00  0.5248503269906301E-25
  0.3582000000000000E+02  0.0000000000000000E+00  0.3857208800711043E-25
  0.3596000000000000E+02  0.0000000000000000E+00  0.2831334391439647E-25
  0.3610000000000000E+02  0.0000000000000000E+00  0.2075817774328817E-25
  0.3624000000000000E+02  0.0000000000000000E+00  0.1520082167088577E-25
  0.3638000000000000E+02  0.0000000000000000E+00  0.1111794255037910E-25
  0.3652000000000000E+02  0.0000000000000000E+00  0.8121964306456452E-26
  0.3666000000000000E+02  0.0000000000000000E+00  0.5926206758811692E-26
  0.3680000000000000E+02  0.0000000000000000E+00  0.4318882534288505E-26
  0.3694000000000000E+02  0.0000000000000000E+00  0.3143725856887637E-26
  0.3708000000000000E+02  0.0000000000000000E+00  0.2285580121207117E-26
  0.3722000000000000E+02  0.0000000000000000E+00  0.1659688480167977E-26
  0.3736000000000000E+02  0.0000000000000000E+00  0.1203746134761786E-26
  0.3750000000000000E+02  0.0000000000000000E+00  0.8720096463427098E-27
  0.3764000000000000E+02  0.0000000000000000E+00  0.6309364262376415E-27
  0.3778000000000000E+02  0.0000000000000000E+00  0.4559610269250039E-27
  0.3792000000000000E+02  0.0000000000000000E+00  0.3291148991152446E-27
  0.3806000000000000E+02  0.0000000000000000E+00  0.2372711634364730E-27
  0.3820000000000000E+02  0.0000000000000000E+00  0.1708519254448349E-27
  0.3834000000000000E+02  0.0000000000000000E+00  0.1228774552628683E-27
  0.3848000000000000E+02  0.0000000000000000E+00  0.8826771258162881E-28
  0.3862000000000000E+02  0.0000000000000000E+00  0.6332989860597388E-28
  0.3876000000000000E+02  0.0000000000000000E+00  0.4538296861523102E-28
  0.3890000000000000E+02  0.0000000000000000E+00  0.3248285041440681E-28
  0.3904000000000000E+02  0.0000000000000000E+00  0.2322161537689649E-28
  0.3918000000000000E+02  0.0000000000000000E+00  0.1658088594395042E-28
  0.3932000000000000E+02  0.0000000000000000E+00  0.1182496856008868E-28
  0.3946000000000000E+02  0.0000000000000000E+00  0.8423045936277394E-29
  0.3960000000000000E+02  0.0000000000000000E+00  0.5992598926176995E-29
  0.3974000000000000E+02  0.0000000000000000E+00  0.4258317935523810E-29
  0.3988000000000000E+02  0.0000000000000000E+00  0.3022301225177086E-29
  0.4002000000000000E+02  0.0000000000000000E+00  0.2142467135339222E-29
  0.4016000000000000E+02  0.0000000000000000E+00  0.1516936205770821E-29
  0.4030000000000000E+02  0.0000000000000000E+00  0.1072746641262927E-29
  0.4044000000000000E+02  0.0000000000000000E+00  0.7577111556864565E-30
  0.4058000000000000E+02  0.0000000000000000E+00  0.5345481691506102E-30
  0.4072000000000000E+02  0.0000000000000000E+00  0.3766575143999942E-30
  0.4086000000000000E+02  0.0000000000000000E+00  0.2650837036956538E-30
  0.4100000000000000E+02  0.0000000000000000E+00  0.1863356739592381E-30
  0.4114000000000000E+02  0.0000000000000000E+00  0.1308234369824761E-30
  0.4128000000000000E+02  0.0000000000000000E+00  0.9173850369507665E-31
  0.4142000000000000E+02  0.0000000000000000E+00  0.6425312969345422E-31
  0.4156000000000000E+02  0.0000000000000000E+00  0.4494831789731507E-31
  0.4170000000000000E+02  0.0000000000000000E+00  0.3140574583259422E-31
  0.4184000000000000E+02  0.0000000000000000E+00  0.2191700862878088E-31
  0.4198000000000000E+02  0.0000000000000000E+00  0.1527671351151332E-31
  0.4212000000000000E+02  0.0000000000000000E+00  0.1063543037699268E-31
  0.4226000000000000E+02  0.0000000000000000E+00  0.7395314939042122E-32
  0.4240000000000000E+02  0.0000000000000000E+00  0.5136115016220105E-32
  0.4254000000000000E+02  0.0000000000000000E+00  0.3562782103529281E-32
  0.4268000000000000E+02  0.0000000000000000E+00  0.2468426677861847E-32
  0.4282000000000000E+02  0.0000000000000000E+00  0.1708156439103836E-32
  0.4296000000000000E+02  0.0000000000000000E+00  0.1180623678863959E-32
  0.4310000000000000E+02  0.0000000000000000E+00  0.8150265695968309E-33
  0.4324000000000000E+02  0.0000000000000000E+00  0.5619639678784880E-33
  0.4338000000000000E+02  0.0000000000000000E+00  0.3870094727384941E-33
  0.4352000000000000E+02  0.0000000000000000E+00  0.2662018919786524E-33
  0.4366000000000000E+02  0.0000000000000000E+00  0.1828845820987398E-33
  0.4380000000000000E+02  0.0000000000000000E+00  0.1254929883635338E-33
  0.4394000000000000E+02  0.0000000000000000E+00  0.8600787859458345E-34
  0.4408000000000000E+02  0.0000000000000000E+00  0.5887533823174972E-34
  0.4422000000000000E+02  0.0000000000000000E+00  0.4025362501912736E-34
  0.4436000000000000E+02  0.0000000000000000E+00  0.2748862255498485E-34
  0.4450000000000000E+02  0.0000000000000000E+00  0.1874896754376776E-34
  0.4464000000000000E+02  0.0000000000000000E+00  0.1277256531979061E-34
  0.4478000000000000E+02  0.0000000000000000E+00  0.8690710868473158E-35
  0.4492000000000000E+02  0.0000000000000000E+00  0.5906209711589294E-35
  0.4506000000000000E+02  0.0000000000000000E+00  0.4009025477795124E-35
  0.4520000000000000E+02  0.0000000000000000E+00  0.2717973129515360E-35
  0.4534000000000000E+02  0.0000000000000000E+00  0.1840466386555231E-35
  0.4548000000000000E+02  0.0000000000000000E+00  0.1244763969211536E-35
  0.4562000000000000E+02  0.0000000000000000E+00  0.8408577164002132E-36
  0.4576000000000000E+02  0.0000000000000000E+00  0.5673282435290732E-36
  0.4590000000000000E+02  0.0000000000000000E+00  0.3823161818793434E-36
  0.4604000000000000E+02  0.0000000000000000E+00  0.2573281749760504E-36
  0.4618000000000000E+02  0.0000000000000000E+00  0.1729929413267390E-36
  0.4632000000000000E+02  0.0000000000000000E+00  0.1161571127752883E-36
  0.4646000000000000E+02  0.0000000000000000E+00  0.7790038723172231E-37
  0.4660000000000000E+02  0.0000000000000000E+00  0.5218068861968894E-37
  0.4674000000000000E+02  0.0000000000000000E+00  0.3491052475928087E-37
  0.4688000000000000E+02  0.0000000000000000E+00  0.2332809787139712E-37
  0.4702000000000000E+02  0.0000000000000000E+00  0.1556964322352156E-37
  0.4716000000000000E+02  0.0000000000000000E+00  0.1037897278549330E-37
  0.4730000000000000E+02  0.0000000000000000E+00  0.6910452169373395E-38
  0.4744000000000000E+02  0.0000000000000000E+00  0.4595522926348560E-38
  0.4758000000000000E+02  0.0000000000000000E+00  0.3052388355535363E-38
  0.4772000000000000E+02  0.0000000000000000E+00  0.2024981305732340E-38
  0.4786000000000000E+02  0.0000000000000000E+00  0.1341771698637659E-38
  0.4800000000000000E+02  0.0000000000000000E+00  0.8879992827820374E-39
  0.4808000000000000E+02  0.0000000000000000E+00  0.7010351569189654E-39
  0.4816000000000000E+02  0.0000000000000000E+00  0.5532176191719299E-39
  0.4824000000000000E+02  0.0000000000000000E+00  0.4363964708031397E-39
  0.4832000000000000E+02  0.0000000000000000E+00  0.3441085611450392E-39
  0.4840000000000000E+02  0.0000000000000000E+00  0.2712306389441289E-39
  0.4848000000000000E+02  0.0000000000000000E+00  0.2137032061603213E-39
  0.4856000000000000E+02  0.0000000000000000E+00  0.1683109417989652E-39
  0.4864000000000000E+02  0.0000000000000000E+00  0.1325081784167171E-39
  0.4872000000000000E+02  0.0000000000000000E+00  0.1042802440393759E-39
  0.4880000000000000E+02  0.0000000000000000E+00  0.8203334396445629E-40
  0.4888000000000000E+02  0.0000000000000000E+00  0.6450714381391454E-40
  0.4896000000000000E+02  0.0000000000000000E+00  0.5070540222633713E-40
  0.4904000000000000E+02  0.0000000000000000E+00  0.3984094881206697E-40
  0.4912000000000000E+02  0.0000000000000000E+00  0.3129205856256919E-40
  0.4920000000000000E+02  0.0000000000000000E+00  0.2456787633667918E-40
  0.4928000000000000E+02  0.0000000000000000E+00  0.1928102517773821E-40
  0.4936000000000000E+02  0.0000000000000000E+00  0.1512591471488036E-40
  0.4944000000000000E+02  0.0000000000000000E+00  0.1186157049454909E-40
  0.4952000000000000E+02  0.0000000000000000E+00  0.9298047540875961E-41
  0.4960000000000000E+02  0.0000000000000000E+00  0.7285684352567700E-41
  0.4968000000000000E+02  0.0000000000000000E+00  0.5706606969052409E-41
  0.4976000000000000E+02  0.0000000000000000E+00  0.4468014710308484E-41
  0.4984000000000000E+02  0.0000000000000000E+00  0.3496876120706636E-41
  0.4992000000000000E+02  0.0000000000000000E+00  0.2735740638094861E-41
  0.5000000000000000E+02  0.0000000000000000E+00  0.2139432639780716E-41
  0.5008000000000000E+02  0.0000000000000000E+00  0.1672443034082336E-41
  0.5016000000000000E+02  0.0000000000000000E+00  0.1306872056244707E-41
  0.5024000000000000E+02  0.0000000000000000E+00  0.1020807450246790E-41
  0.5032000000000000E+02  0.0000000000000000E+00  0.7970464124899866E-42
  0.5040000000000000E+02  0.0000000000000000E+00  0.6220888435941967E-42
  0.5048000000000000E+02  0.0000000000000000E+00  0.4853446375334938E-42
  0.5056000000000000E+02  0.0000000000000000E+00  0.3785097574071221E-42
  0.5064000000000000E+02  0.0000000000000000E+00  0.2950753592060236E-42
  0.5072000000000000E+02  0.0000000000000000E+00  0.2299417491569721E-42
  0.5080000000000000E+02  0.0000000000000000E+00  0.1791149095484573E-42
  0.5088000000000000E+02  0.0000000000000000E+00  0.1394680300457038E-42
  0.5096000000000000E+02  0.0000000000000000E+00  0.1085541963078642E-42
  0.5104000000000000E+02  0.0000000000000000E+00  0.8445932130680849E-43
  0.5112000000000000E+02  0.0000000000000000E+00  0.6568672043945822E-43
  0.5120000000000000E+02  0.0000000000000000E+00  0.5106655870825229E-43
  0.5128000000000000E+02  0.0000000000000000E+00  0.3968483937129751E-43
  0.5136000000000000E+02  0.0000000000000000E+00  0.3082773962949112E-43
  0.5144000000000000E+02  0.0000000000000000E+00  0.2393799428352676E-43
  0.5152000000000000E+02  0.0000000000000000E+00  0.1858073360092685E-43
  0.5160000000000000E+02  0.0000000000000000E+00  0.1441673699462782E-43
  0.5168000000000000E+02  0.0000000000000000E+00  0.1118150122615692E-43
  0.5176000000000000E+02  0.0000000000000000E+00  0.8668865743374282E-44
  0.5184000000000000E+02  0.0000000000000000E+00  0.6718208210667608E-44
  0.5192000000000000E+02  0.0000000000000000E+00  0.5204435887200023E-44
  0.5200000000000000E+02  0.0000000000000000E+00  0.4030165561255559E-44
  0.5208000000000000E+02  0.0000000000000000E+00  0.3119615958680590E-44
  0.5216000000000000E+02  0.0000000000000000E+00  0.2413839558329044E-44
  0.5224000000000000E+02  0.0000000000000000E+00  0.1867001592417798E-44
  0.5232000000000000E+02  0.0000000000000000E+00  0.1443477429619873E-44
  0.5240000000000000E+02  0.0000000000000000E+00  0.1115589268668048E-44
  0.5248000000000000E+02  0.0000000000000000E+00  0.8618420491697580E-45
  0.5256000000000000E+02  0.0000000000000000E+00  0.6655490258076681E-45
  0.5264000000000000E+02  0.0000000000000000E+00  0.5137613694438855E-45
  0.5272000000000000E+02  0.0000000000000000E+00  0.3964348820191742E-45
  0.5280000000000000E+02  0.0000000000000000E+00  0.3057815634035909E-45
  0.5288000000000000E+02  0.0000000000000000E+00  0.2357652283885562E-45
  0.5296000000000000E+02  0.0000000000000000E+00  0.1817093321891198E-45
  0.5304000000000000E+02  0.0000000000000000E+00  0.1399921655526067E-45
  0.5312000000000000E+02  0.0000000000000000E+00  0.1078100512060191E-45
  0.5320000000000000E+02  0.0000000000000000E+00  0.8299344534584430E-46
  0.5328000000000000E+02  0.0000000000000000E+00  0.6386418243647886E-46
  0.5336000000000000E+02  0.0000000000000000E+00  0.4912470335672401E-46
  0.5344000000000000E+02  0.0000000000000000E+00  0.3777213611144679E-46
  0.5352000000000000E+02  0.0000000000000000E+00  0.2903168026832855E-46
  0.5360000000000000E+02  0.0000000000000000E+00  0.2230497904851387E-46
  0.5368000000000000E+02  0.0000000000000000E+00  0.1713012326839729E-46
  0.5376000000000000E+02  0.0000000000000000E+00  0.1315067902375151E-46
  0.5384000000000000E+02  0.0000000000000000E+00  0.1009171294345434E-46
  0.5392000000000000E+02  0.0000000000000000E+00  0.7741241578088179E-47
  0.5400000000000000E+02  0.0000000000000000E+00  0.5935883566673389E-47
  0.5408000000000000E+02  0.0000000000000000E+00  0.4549766909900534E-47
  0.5416000000000000E+02  0.0000000000000000E+00  0.3485956337200698E-47
  0.5424000000000000E+02  0.0000000000000000E+00  0.2669830927094079E-47
  0.5432000000000000E+02  0.0000000000000000E+00  0.2043970376279240E-47
  0.5440000000000000E+02  0.0000000000000000E+00  0.1564207831422609E-47
  0.5448000000000000E+02  0.0000000000000000E+00  0.1196584397740633E-47
  0.5456000000000000E+02  0.0000000000000000E+00  0.9150003006771616E-48
  0.5464000000000000E+02  0.0000000000000000E+00  0.6994040759108405E-48
  0.5472000000000000E+02  0.0000000000000000E+00  0.5343971116725745E-48
  0.5480000000000000E+02  0.0000000000000000E+00  0.4081587080490506E-48
  0.5488000000000000E+02  0.0000000000000000E+00  0.3116183704148045E-48
  0.5496000000000000E+02  0.0000000000000000E+00  0.2378187317747418E-48
  0.5504000000000000E+02  0.0000000000000000E+00  0.1814253988890808E-48
  0.5512000000000000E+02  0.0000000000000000E+00  0.1383499911054122E-48
  0.5520000000000000E+02  0.0000000000000000E+00  0.1054603493464143E-48
  0.5528000000000000E+02  0.0000000000000000E+00  0.8035784783630946E-49
  0.5536000000000000E+02  0.0000000000000000E+00  0.6120633982345523E-49
  0.5544000000000000E+02  0.0000000000000000E+00  0.4660081828006715E-49
  0.5552000000000000E+02  0.0000000000000000E+00  0.3546661146665769E-49
  0.5560000000000000E+02  0.0000000000000000E+00  0.2698204567132586E-49
  0.5568000000000000E+02  0.0000000000000000E+00  0.2051913599927082E-49
  0.5576000000000000E+02  0.0000000000000000E+00  0.1559812110753061E-49
  0.5584000000000000E+02  0.0000000000000000E+00  0.1185262453556526E-49
  0.5592000000000000E+02  0.0000000000000000E+00  0.9002969678116445E-50
  0.5600000000000000E+02  0.0000000000000000E+00  0.6835748390619506E-50
  0.5608000000000000E+02  0.0000000000000000E+00  0.5188184017093495E-50
  0.5616000000000000E+02  0.0000000000000000E+00  0.3936168623957150E-50
  0.5624000000000000E+02  0.0000000000000000E+00  0.2985114816178521E-50
  0.5632000000000000E+02  0.0000000000000000E+00  0.2262962754073843E-50
  0.5640000000000000E+02  0.0000000000000000E+00  0.1714836793350852E-50
  0.5648000000000000E+02  0.0000000000000000E+00  0.1298964258233313E-50
  0.5656000000000000E+02  0.0000000000000000E+00  0.9835594847293760E-51
  0.5664000000000000E+02  0.0000000000000000E+00  0.7444457952427631E-51
  0.5672000000000000E+02  0.0000000000000000E+00  0.5632413787955327E-51
  0.5680000000000000E+02  0.0000000000000000E+00  0.4259759162761112E-51
  0.5688000000000000E+02  0.0000000000000000E+00  0.3220361008875826E-51
  0.5696000000000000E+02  0.0000000000000000E+00  0.2433621843205497E-51
  0.5704000000000000E+02  0.0000000000000000E+00  0.1838360377382955E-51
  0.5712000000000000E+02  0.0000000000000000E+00  0.1388152655903238E-51
  0.5720000000000000E+02  0.0000000000000000E+00  0.1047786568204702E-51
  0.5728000000000000E+02  0.0000000000000000E+00  0.7905647509308497E-52
  0.5736000000000000E+02  0.0000000000000000E+00  0.5962537002690773E-52
  0.5744000000000000E+02  0.0000000000000000E+00  0.4495248958979228E-52
  0.5752000000000000E+02  0.0000000000000000E+00  0.3387703806979263E-52
  0.5760000000000000E+02  0.0000000000000000E+00  0.2552032121274628E-52
  0.5768000000000000E+02  0.0000000000000000E+00  0.1921745450791661E-52
  0.5776000000000000E+02  0.0000000000000000E+00  0.1446553858714691E-52
  0.5784000000000000E+02  0.0000000000000000E+00  0.1088434691981035E-52
  0.5792000000000000E+02  0.0000000000000000E+00  0.8186516932863423E-53
  0.5800000000000000E+02  0.0000000000000000E+00  0.6154956307328179E-53
  0.5808000000000000E+02  0.0000000000000000E+00  0.4625724946656810E-53
  0.5816000000000000E+02  0.0000000000000000E+00  0.3475070802215805E-53
  0.5824000000000000E+02  0.0000000000000000E+00  0.2609615545246976E-53
  0.5832000000000000E+02  0.0000000000000000E+00  0.1958927780325525E-53
  0.5840000000000000E+02  0.0000000000000000E+00  0.1469905248942988E-53
  0.5848000000000000E+02  0.0000000000000000E+00  0.1102527110815409E-53
  0.5856000000000000E+02  0.0000000000000000E+00  0.8266434621224013E-54
  0.5864000000000000E+02  0.0000000000000000E+00  0.6195497902207775E-54
  0.5872000000000000E+02  0.0000000000000000E+00  0.4641551936910498E-54
  0.5880000000000000E+02  0.0000000000000000E+00  0.3475995740860937E-54
  0.5888000000000000E+02  0.0000000000000000E+00  0.2602101769495149E-54
  0.5896000000000000E+02  0.0000000000000000E+00  0.1947145214302124E-54
  0.5904000000000000E+02  0.0000000000000000E+00  0.1456469606519495E-54
  0.5912000000000000E+02  0.0000000000000000E+00  0.1089014173309827E-54
  0.5920000000000000E+02  0.0000000000000000E+00  0.8139442490689435E-55
  0.5928000000000000E+02  0.0000000000000000E+00  0.6081137272902079E-55
  0.5936000000000000E+02  0.0000000000000000E+00  0.4541548707772023E-55
  0.5944000000000000E+02  0.0000000000000000E+00  0.3390409581381171E-55
  0.5952000000000000E+02  0.0000000000000000E+00  0.2530051597505378E-55
  0.5960000000000000E+02  0.0000000000000000E+00  0.1887276841851651E-55
  0.5968000000000000E+02  0.0000000000000000E+00  0.1407248727562331E-55
  0.5976000000000000E+02  0.0000000000000000E+00  0.1048902545988257E-55
  0.5984000000000000E+02  0.0000000000000000E+00  0.7814990161997181E-56
  0.5992000000000000E+02  0.0000000000000000E+00  0.5820372134746102E-56
  0.6000000000000000E+02  0.0000000000000000E+00  0.4333133716756954E-56
  0.6008000000000000E+02  0.0000000000000000E+00  0.3224649012479471E-56
  0.6016000000000000E+02  0.0000000000000000E+00  0.2398787799530641E-56
  0.6024000000000000E+02  0.0000000000000000E+00  0.1783734585409342E-56
  0.6032000000000000E+02  0.0000000000000000E+00  0.1325859961672610E-56
  0.6040000000000000E+02  0.0000000000000000E+00  0.9851312595195219E-57
  0.6048000000000000E+02  0.0000000000000000E+00  0.7316772726858832E-57
  0.6056000000000000E+02  0.0000000000000000E+00  0.5432178740514588E-57
  0.6064000000000000E+02  0.0000000000000000E+00  0.4031415479162754E-57
  0.6072000000000000E+02  0.0000000000000000E+00  0.2990680972397524E-57
  0.6080000000000000E+02  0.0000000000000000E+00  0.2217745145945163E-57
  0.6088000000000000E+02  0.0000000000000000E+00  0.1643925788109469E-57
  0.6096000000000000E+02  0.0000000000000000E+00  0.1218096794380395E-57
  0.6104000000000000E+02  0.0000000000000000E+00  0.9022157689712139E-58
  0.6112000000000000E+02  0.0000000000000000E+00  0.6679870572210717E-58
  0.6120000000000000E+02  0.0000000000000000E+00  0.4943729536831855E-58
  0.6128000000000000E+02  0.0000000000000000E+00  0.3657382476986854E-58
  0.6136000000000000E+02  0.0000000000000000E+00  0.2704674942567112E-58
  0.6144000000000000E+02  0.0000000000000000E+00  0.1999349859042699E-58
  0.6152000000000000E+02  0.0000000000000000E+00  0.1477377689969367E-58
  0.6160000000000000E+02  0.0000000000000000E+00  0.1091247589945347E-58
  0.6168000000000000E+02  0.0000000000000000E+00  0.8057198808821072E-59
  0.6176000000000000E+02  0.0000000000000000E+00  0.5946670609727965E-59
  0.6184000000000000E+02  0.0000000000000000E+00  0.4387253285362280E-59
  0.6192000000000000E+02  0.0000000000000000E+00  0.3235493663172876E-59
  0.6200000000000000E+02  0.0000000000000000E+00  0.2385159467140366E-59
  0.6208000000000000E+02  0.0000000000000000E+00  0.1757613211635017E-59
  0.6216000000000000E+02  0.0000000000000000E+00  0.1294667415076614E-59
  0.6224000000000000E+02  0.0000000000000000E+00  0.9532836575791717E-60
  0.6232000000000000E+02  0.0000000000000000E+00  0.7016412268505435E-60
  0.6240000000000000E+02  0.0000000000000000E+00  0.5162226689211256E-60
  0.6248000000000000E+02  0.0000000000000000E+00  0.3796540748361688E-60
  0.6256000000000000E+02  0.0000000000000000E+00  0.2791052979963725E-60
  0.6264000000000000E+02  0.0000000000000000E+00  0.2051054102801760E-60
  0.6272000000000000E+02  0.0000000000000000E+00  0.1506659705307922E-60
  0.6280000000000000E+02  0.0000000000000000E+00  0.1106323790876251E-60
  0.6288000000000000E+02  0.0000000000000000E+00  0.8120417363455295E-61
  0.6296000000000000E+02  0.0000000000000000E+00  0.5958040783825137E-61
  0.6304000000000000E+02  0.0000000000000000E+00  0.4369760286751681E-61
  0.6312000000000000E+02  0.0000000000000000E+00  0.3203618376859026E-61
  0.6320000000000000E+02  0.0000000000000000E+00  0.2347756005894507E-61
  0.6328000000000000E+02  0.0000000000000000E+00  0.1719864234981954E-61
  0.6336000000000000E+02  0.0000000000000000E+00  0.1259402037494554E-61
  0.6344000000000000E+02  0.0000000000000000E+00  0.9218571723312337E-62
  0.6352000000000000E+02  0.0000000000000000E+00  0.6745154589109703E-62
  0.6360000000000000E+02  0.0000000000000000E+00  0.4933432576183625E-62
  0.6368000000000000E+02  0.0000000000000000E+00  0.3606911678747904E-62
  0.6376000000000000E+02  0.0000000000000000E+00  0.2636032982893771E-62
  0.6384000000000000E+02  0.0000000000000000E+00  0.1925729099771195E-62
  0.6392000000000000E+02  0.0000000000000000E+00  0.1406269531452145E-62
  0.6400000000000000E+02  0.0000000000000000E+00  0.1026528384973240E-62
