         #eta                     f1                      f12
  0.0000000000000000E+00  0.4501301793712702E-02  0.1887734400526912E-01
  0.1000000000000000E-04  0.4501301793660854E-02  0.1887734400804779E-01
  0.2000000000000000E-04  0.4501301793490804E-02  0.1887734401633227E-01
  0.3000000000000000E-04  0.4501301793249739E-02  0.1887734403026601E-01
  0.4000000000000000E-04  0.4501301792898278E-02  0.1887734404966620E-01
  0.5000000000000000E-04  0.4501301792428136E-02  0.1887734407460329E-01
  0.6000000000000000E-04  0.4501301791874209E-02  0.1887734410489491E-01
  0.6999999999999999E-04  0.4501301791203042E-02  0.1887734414074697E-01
  0.8000000000000001E-04  0.4501301790438395E-02  0.1887734418238241E-01
  0.9000000000000001E-04  0.4501301789598251E-02  0.1887734422921665E-01
  0.1000000000000000E-03  0.4501301788652638E-02  0.1887734428214083E-01
  0.1100000000000000E-03  0.4501301787567136E-02  0.1887734434000269E-01
  0.1200000000000000E-03  0.4501301786396998E-02  0.1887734440376369E-01
  0.1300000000000000E-03  0.4501301785143778E-02  0.1887734447294568E-01
  0.1400000000000000E-03  0.4501301783749486E-02  0.1887734454771180E-01
  0.1500000000000000E-03  0.4501301782297055E-02  0.1887734462810808E-01
  0.1600000000000000E-03  0.4501301780711287E-02  0.1887734471393706E-01
  0.1700000000000000E-03  0.4501301779058609E-02  0.1887734480518570E-01
  0.1800000000000000E-03  0.4501301777289061E-02  0.1887734490210891E-01
  0.1900000000000000E-03  0.4501301775380255E-02  0.1887734500427237E-01
  0.2000000000000000E-03  0.4501301773428112E-02  0.1887734511227842E-01
  0.2100000000000000E-03  0.4501301771352328E-02  0.1887734522572900E-01
  0.2200000000000000E-03  0.4501301769171000E-02  0.1887734534488938E-01
  0.2300000000000000E-03  0.4501301766896078E-02  0.1887734546934731E-01
  0.2400000000000000E-03  0.4501301764512060E-02  0.1887734559934214E-01
  0.2500000000000000E-03  0.4501301762014058E-02  0.1887734573503197E-01
  0.2600000000000000E-03  0.4501301759421095E-02  0.1887734587639445E-01
  0.2700000000000000E-03  0.4501301756751268E-02  0.1887734602285995E-01
  0.2800000000000000E-03  0.4501301753972749E-02  0.1887734617522607E-01
  0.2900000000000000E-03  0.4501301751078620E-02  0.1887734633288899E-01
  0.3000000000000000E-03  0.4501301748084348E-02  0.1887734649620369E-01
  0.3100000000000000E-03  0.4501301744990749E-02  0.1887734666509496E-01
  0.3200000000000000E-03  0.4501301741790309E-02  0.1887734683922648E-01
  0.3300000000000000E-03  0.4501301738509748E-02  0.1887734701935499E-01
  0.3400000000000000E-03  0.4501301735114538E-02  0.1887734720468289E-01
  0.3500000000000000E-03  0.4501301731614412E-02  0.1887734739573406E-01
  0.3600000000000000E-03  0.4501301728013329E-02  0.1887734759216212E-01
  0.3700000000000000E-03  0.4501301724293601E-02  0.1887734779426594E-01
  0.3800000000000000E-03  0.4501301720503410E-02  0.1887734800182939E-01
  0.3900000000000000E-03  0.4501301716615040E-02  0.1887734821491464E-01
  0.4000000000000000E-03  0.4501301712609355E-02  0.1887734843354509E-01
  0.4100000000000000E-03  0.4501301708480732E-02  0.1887734865761992E-01
  0.4200000000000000E-03  0.4501301704271506E-02  0.1887734888747931E-01
  0.4300000000000000E-03  0.4501301699968947E-02  0.1887734912276991E-01
  0.4400000000000000E-03  0.4501301695573723E-02  0.1887734936352518E-01
  0.4500000000000000E-03  0.4501301691070769E-02  0.1887734960987760E-01
  0.4600000000000000E-03  0.4501301686438179E-02  0.1887734986178631E-01
  0.4700000000000000E-03  0.4501301681715771E-02  0.1887735011895764E-01
  0.4800000000000000E-03  0.4501301676906359E-02  0.1887735038212668E-01
  0.4900000000000000E-03  0.4501301672004909E-02  0.1887735065060555E-01
  0.5000000000000000E-03  0.4501301666968345E-02  0.1887735092447314E-01
  0.5100000000000000E-03  0.4501301661881711E-02  0.1887735120392427E-01
  0.5200000000000000E-03  0.4501301656655743E-02  0.1887735148897359E-01
  0.5300000000000000E-03  0.4501301651312721E-02  0.1887735177965411E-01
  0.5400000000000000E-03  0.4501301645909154E-02  0.1887735207597663E-01
  0.5500000000000000E-03  0.4501301640367513E-02  0.1887735237747841E-01
  0.5600000000000000E-03  0.4501301634759036E-02  0.1887735268480488E-01
  0.5700000000000000E-03  0.4501301629001124E-02  0.1887735299740993E-01
  0.5800000000000000E-03  0.4501301623187144E-02  0.1887735331561598E-01
  0.5900000000000000E-03  0.4501301617265400E-02  0.1887735363967795E-01
  0.5999999999999999E-03  0.4501301611224269E-02  0.1887735396877973E-01
  0.6100000000000000E-03  0.4501301605096504E-02  0.1887735430379752E-01
  0.6200000000000000E-03  0.4501301598856792E-02  0.1887735464426340E-01
  0.6300000000000000E-03  0.4501301592522229E-02  0.1887735499015841E-01
  0.6400000000000001E-03  0.4501301586068318E-02  0.1887735534166968E-01
  0.6500000000000000E-03  0.4501301579536284E-02  0.1887735569870630E-01
  0.6600000000000000E-03  0.4501301572900148E-02  0.1887735606139440E-01
  0.6700000000000000E-03  0.4501301566175305E-02  0.1887735642945998E-01
  0.6800000000000000E-03  0.4501301559334776E-02  0.1887735680312271E-01
  0.6900000000000000E-03  0.4501301552387371E-02  0.1887735718221754E-01
  0.7000000000000000E-03  0.4501301545341341E-02  0.1887735756685061E-01
  0.7100000000000000E-03  0.4501301538201015E-02  0.1887735795729458E-01
  0.7200000000000000E-03  0.4501301530923874E-02  0.1887735835301567E-01
  0.7300000000000000E-03  0.4501301523584448E-02  0.1887735875435418E-01
  0.7400000000000000E-03  0.4501301516132594E-02  0.1887735916093636E-01
  0.7500000000000000E-03  0.4501301508587481E-02  0.1887735957345689E-01
  0.7600000000000000E-03  0.4501301500944743E-02  0.1887735999132782E-01
  0.7700000000000000E-03  0.4501301493163634E-02  0.1887736041485895E-01
  0.7800000000000000E-03  0.4501301485324534E-02  0.1887736084374314E-01
  0.7900000000000000E-03  0.4501301477355242E-02  0.1887736127845585E-01
  0.8000000000000000E-03  0.4501301469308716E-02  0.1887736171854026E-01
  0.8100000000000000E-03  0.4501301461135587E-02  0.1887736216426313E-01
  0.8200000000000000E-03  0.4501301452878081E-02  0.1887736261528235E-01
  0.8300000000000000E-03  0.4501301444513661E-02  0.1887736307187060E-01
  0.8400000000000000E-03  0.4501301436049654E-02  0.1887736353405334E-01
  0.8500000000000000E-03  0.4501301427483839E-02  0.1887736400189629E-01
  0.8600000000000000E-03  0.4501301418811554E-02  0.1887736447503115E-01
  0.8700000000000000E-03  0.4501301410053449E-02  0.1887736495396301E-01
  0.8800000000000000E-03  0.4501301401147351E-02  0.1887736543809678E-01
  0.8899999999999999E-03  0.4501301392232963E-02  0.1887736592803805E-01
  0.9000000000000000E-03  0.4501301383125027E-02  0.1887736642356226E-01
  0.9100000000000000E-03  0.4501301373954584E-02  0.1887736692442503E-01
  0.9200000000000000E-03  0.4501301364688071E-02  0.1887736743081048E-01
  0.9300000000000001E-03  0.4501301355301209E-02  0.1887736794298863E-01
  0.9400000000000000E-03  0.4501301345822013E-02  0.1887736846044552E-01
  0.9500000000000000E-03  0.4501301336249190E-02  0.1887736898331467E-01
  0.9600000000000000E-03  0.4501301326556646E-02  0.1887736951214736E-01
  0.9700000000000001E-03  0.4501301316774102E-02  0.1887737004624087E-01
  0.9800000000000000E-03  0.4501301306916579E-02  0.1887737058632618E-01
  0.9900000000000000E-03  0.4501301296922722E-02  0.1887737113125014E-01
  0.1000000000000000E-02  0.4501301286835901E-02  0.1887737168231585E-01
  0.1010000000000000E-02  0.4501301276653935E-02  0.1887737223847600E-01
  0.1020000000000000E-02  0.4501301266363426E-02  0.1887737280027639E-01
  0.1030000000000000E-02  0.4501301255985616E-02  0.1887737336750990E-01
  0.1040000000000000E-02  0.4501301245493712E-02  0.1887737394045589E-01
  0.1050000000000000E-02  0.4501301234898891E-02  0.1887737451896928E-01
  0.1060000000000000E-02  0.4501301224198488E-02  0.1887737510295651E-01
  0.1070000000000000E-02  0.4501301213375442E-02  0.1887737569252253E-01
  0.1080000000000000E-02  0.4501301202500141E-02  0.1887737628742666E-01
  0.1090000000000000E-02  0.4501301191495351E-02  0.1887737688818388E-01
  0.1100000000000000E-02  0.4501301180405666E-02  0.1887737749414375E-01
  0.1110000000000000E-02  0.4501301169212324E-02  0.1887737810566777E-01
  0.1120000000000000E-02  0.4501301157888715E-02  0.1887737872296983E-01
  0.1130000000000000E-02  0.4501301146500232E-02  0.1887737934566728E-01
  0.1140000000000000E-02  0.4501301134992771E-02  0.1887737997394693E-01
  0.1150000000000000E-02  0.4501301123383354E-02  0.1887738060769998E-01
  0.1160000000000000E-02  0.4501301111648481E-02  0.1887738124715084E-01
  0.1170000000000000E-02  0.4501301099859837E-02  0.1887738189210545E-01
  0.1180000000000000E-02  0.4501301087944813E-02  0.1887738254235434E-01
  0.1190000000000000E-02  0.4501301075935049E-02  0.1887738319840511E-01
  0.1200000000000000E-02  0.4501301063789986E-02  0.1887738385968725E-01
  0.1210000000000000E-02  0.4501301051604252E-02  0.1887738452693115E-01
  0.1220000000000000E-02  0.4501301039298207E-02  0.1887738519930930E-01
  0.1230000000000000E-02  0.4501301026877180E-02  0.1887738587740539E-01
  0.1240000000000000E-02  0.4501301014359564E-02  0.1887738656112559E-01
  0.1250000000000000E-02  0.4501301001729630E-02  0.1887738725024013E-01
  0.1260000000000000E-02  0.4501300989006178E-02  0.1887738794488536E-01
  0.1270000000000000E-02  0.4501300976187579E-02  0.1887738864525031E-01
  0.1280000000000000E-02  0.4501300963222099E-02  0.1887738935059987E-01
  0.1290000000000000E-02  0.4501300950245997E-02  0.1887739006181273E-01
  0.1300000000000000E-02  0.4501300937094665E-02  0.1887739077918675E-01
  0.1310000000000000E-02  0.4501300923853850E-02  0.1887739150131311E-01
  0.1320000000000000E-02  0.4501300910541572E-02  0.1887739222915933E-01
  0.1330000000000000E-02  0.4501300897102878E-02  0.1887739296270130E-01
  0.1340000000000000E-02  0.4501300883576771E-02  0.1887739370159410E-01
  0.1350000000000000E-02  0.4501300869937090E-02  0.1887739444612313E-01
  0.1360000000000000E-02  0.4501300856221024E-02  0.1887739519615117E-01
  0.1370000000000000E-02  0.4501300842364849E-02  0.1887739595180079E-01
  0.1380000000000000E-02  0.4501300828418819E-02  0.1887739671294438E-01
  0.1390000000000000E-02  0.4501300814391040E-02  0.1887739747948751E-01
  0.1400000000000000E-02  0.4501300800259234E-02  0.1887739825160232E-01
  0.1410000000000000E-02  0.4501300786016960E-02  0.1887739902962323E-01
  0.1420000000000000E-02  0.4501300771643161E-02  0.1887739981261334E-01
  0.1430000000000000E-02  0.4501300757223659E-02  0.1887740060152820E-01
  0.1440000000000000E-02  0.4501300742667302E-02  0.1887740139573217E-01
  0.1450000000000000E-02  0.4501300728011286E-02  0.1887740219552692E-01
  0.1460000000000000E-02  0.4501300713284843E-02  0.1887740300117017E-01
  0.1470000000000000E-02  0.4501300698426506E-02  0.1887740381201090E-01
  0.1480000000000000E-02  0.4501300683459664E-02  0.1887740462845396E-01
  0.1490000000000000E-02  0.4501300668417955E-02  0.1887740545016940E-01
  0.1500000000000000E-02  0.4501300653236173E-02  0.1887740627779551E-01
  0.1510000000000000E-02  0.4501300637994181E-02  0.1887740711101301E-01
  0.1520000000000000E-02  0.4501300622616407E-02  0.1887740794959243E-01
  0.1530000000000000E-02  0.4501300607192745E-02  0.1887740879345845E-01
  0.1540000000000000E-02  0.4501300591631711E-02  0.1887740964320272E-01
  0.1550000000000000E-02  0.4501300575975605E-02  0.1887741049864422E-01
  0.1560000000000000E-02  0.4501300560188271E-02  0.1887741135947518E-01
  0.1570000000000000E-02  0.4501300544319705E-02  0.1887741222559377E-01
  0.1580000000000000E-02  0.4501300528358398E-02  0.1887741309731912E-01
  0.1590000000000000E-02  0.4501300512292694E-02  0.1887741397484473E-01
  0.1600000000000000E-02  0.4501300496108381E-02  0.1887741485762584E-01
  0.1610000000000000E-02  0.4501300479873922E-02  0.1887741574607012E-01
  0.1620000000000000E-02  0.4501300463480555E-02  0.1887741664001430E-01
  0.1630000000000000E-02  0.4501300446984565E-02  0.1887741753952765E-01
  0.1640000000000000E-02  0.4501300430468554E-02  0.1887741844432892E-01
  0.1650000000000000E-02  0.4501300413781643E-02  0.1887741935514420E-01
  0.1660000000000000E-02  0.4501300396990445E-02  0.1887742027113519E-01
  0.1670000000000000E-02  0.4501300380110392E-02  0.1887742119279571E-01
  0.1680000000000000E-02  0.4501300363129346E-02  0.1887742211993260E-01
  0.1690000000000000E-02  0.4501300346045493E-02  0.1887742305255043E-01
  0.1700000000000000E-02  0.4501300328856354E-02  0.1887742399098657E-01
  0.1710000000000000E-02  0.4501300311587834E-02  0.1887742493458585E-01
  0.1720000000000000E-02  0.4501300294168620E-02  0.1887742588398211E-01
  0.1730000000000000E-02  0.4501300276722168E-02  0.1887742683886007E-01
  0.1740000000000000E-02  0.4501300259119767E-02  0.1887742779899160E-01
  0.1750000000000000E-02  0.4501300241459079E-02  0.1887742876505779E-01
  0.1760000000000000E-02  0.4501300223630304E-02  0.1887742973652973E-01
  0.1770000000000000E-02  0.4501300205721999E-02  0.1887743071363450E-01
  0.1780000000000000E-02  0.4501300187783719E-02  0.1887743169589973E-01
  0.1790000000000000E-02  0.4501300169664509E-02  0.1887743268387047E-01
  0.1800000000000000E-02  0.4501300151487975E-02  0.1887743367756863E-01
  0.1810000000000000E-02  0.4501300133166297E-02  0.1887743467669474E-01
  0.1820000000000000E-02  0.4501300114782891E-02  0.1887743568162155E-01
  0.1830000000000000E-02  0.4501300096260485E-02  0.1887743669171327E-01
  0.1840000000000000E-02  0.4501300077667876E-02  0.1887743770741901E-01
  0.1850000000000000E-02  0.4501300058988078E-02  0.1887743872849068E-01
  0.1860000000000000E-02  0.4501300040161286E-02  0.1887743975536793E-01
  0.1870000000000000E-02  0.4501300021256076E-02  0.1887744078776491E-01
  0.1880000000000000E-02  0.4501300002235809E-02  0.1887744182551761E-01
  0.1890000000000000E-02  0.4501299983137086E-02  0.1887744286891883E-01
  0.1900000000000000E-02  0.4501299963926082E-02  0.1887744391782675E-01
  0.1910000000000000E-02  0.4501299944619230E-02  0.1887744497219845E-01
  0.1920000000000000E-02  0.4501299925245765E-02  0.1887744603250452E-01
  0.1930000000000000E-02  0.4501299905675678E-02  0.1887744709786092E-01
  0.1940000000000000E-02  0.4501299886073211E-02  0.1887744816904095E-01
  0.1950000000000000E-02  0.4501299866354651E-02  0.1887744924550535E-01
  0.1960000000000000E-02  0.4501299846532285E-02  0.1887745032773373E-01
  0.1970000000000000E-02  0.4501299826635348E-02  0.1887745141542737E-01
  0.1980000000000000E-02  0.4501299806592529E-02  0.1887745250862283E-01
  0.1990000000000000E-02  0.4501299786488240E-02  0.1887745360747894E-01
  0.2000000000000000E-02  0.4501299766259311E-02  0.1887745471169078E-01
  0.5992000000000000E-02  0.4501283595334082E-02  0.1887833762779782E-01
  0.9984000000000000E-02  0.4501251269826108E-02  0.1888010215044774E-01
  0.1397600000000000E-01  0.4501202789961800E-02  0.1888274742924301E-01
  0.1796800000000000E-01  0.4501138156245273E-02  0.1888627218884705E-01
  0.2196000000000000E-01  0.4501057369125834E-02  0.1889067473065387E-01
  0.2595200000000000E-01  0.4500960429361767E-02  0.1889595293391884E-01
  0.2994400000000000E-01  0.4500847337728708E-02  0.1890210425538097E-01
  0.3393600000000000E-01  0.4500718095234335E-02  0.1890912573327845E-01
  0.3792800000000000E-01  0.4500572702917927E-02  0.1891701398799069E-01
  0.4192000000000000E-01  0.4500411162099279E-02  0.1892576522352292E-01
  0.4591200000000000E-01  0.4500233474102185E-02  0.1893537523120618E-01
  0.4990400000000000E-01  0.4500039640431626E-02  0.1894583939153138E-01
  0.5389600000000000E-01  0.4499829662763448E-02  0.1895715267669621E-01
  0.5788800000000000E-01  0.4499603542837479E-02  0.1896930965457585E-01
  0.6188000000000000E-01  0.4499361282690721E-02  0.1898230449210321E-01
  0.6587200000000000E-01  0.4499102884242934E-02  0.1899613095802029E-01
  0.6986400000000000E-01  0.4498828349788282E-02  0.1901078242731365E-01
  0.7385600000000000E-01  0.4498537681657015E-02  0.1902625188510987E-01
  0.7784800000000000E-01  0.4498230882283701E-02  0.1904253193138746E-01
  0.8184000000000000E-01  0.4497907954328547E-02  0.1905961478537262E-01
  0.8583200000000001E-01  0.4497568900532618E-02  0.1907749228917321E-01
  0.8982400000000000E-01  0.4497213723811251E-02  0.1909615591575757E-01
  0.9381600000000000E-01  0.4496842427139065E-02  0.1911559677102526E-01
  0.9780800000000001E-01  0.4496455013697775E-02  0.1913580559995598E-01
  0.1018000000000000E+00  0.4496051486846102E-02  0.1915677279448828E-01
  0.1057920000000000E+00  0.4495631849998794E-02  0.1917848839525327E-01
  0.1097840000000000E+00  0.4495196106758415E-02  0.1920094210301778E-01
  0.1137760000000000E+00  0.4494744260824486E-02  0.1922412327980953E-01
  0.1177680000000000E+00  0.4494276316041490E-02  0.1924802095787115E-01
  0.1217600000000000E+00  0.4493792276445789E-02  0.1927262384634772E-01
  0.1257520000000000E+00  0.4493292146167486E-02  0.1929792033695010E-01
  0.1297440000000000E+00  0.4492775929523722E-02  0.1932389851267950E-01
  0.1337360000000000E+00  0.4492243630872084E-02  0.1935054615261489E-01
  0.1377280000000000E+00  0.4491695254838945E-02  0.1937785074075797E-01
  0.1417200000000000E+00  0.4491130806045203E-02  0.1940579947388551E-01
  0.1457120000000000E+00  0.4490550289430202E-02  0.1943437926675366E-01
  0.1497040000000000E+00  0.4489953709873262E-02  0.1946357676310647E-01
  0.1536960000000000E+00  0.4489341072565156E-02  0.1949337834063340E-01
  0.1576880000000000E+00  0.4488712382755759E-02  0.1952377012054226E-01
  0.1616800000000000E+00  0.4488067645790794E-02  0.1955473797521797E-01
  0.1656720000000000E+00  0.4487406867337580E-02  0.1958626753571805E-01
  0.1696640000000000E+00  0.4486730052890575E-02  0.1961834420203449E-01
  0.1736560000000000E+00  0.4486037208445833E-02  0.1965095314903180E-01
  0.1776480000000000E+00  0.4485328339887388E-02  0.1968407933645633E-01
  0.1816400000000000E+00  0.4484603453332754E-02  0.1971770751764993E-01
  0.1856320000000000E+00  0.4483862555045108E-02  0.1975182224670302E-01
  0.1896240000000000E+00  0.4483105651409487E-02  0.1978640788917385E-01
  0.1936160000000000E+00  0.4482332748955893E-02  0.1982144862943421E-01
  0.1976080000000000E+00  0.4481543854348365E-02  0.1985692847970559E-01
  0.2016000000000000E+00  0.4480738974401451E-02  0.1989283128997036E-01
  0.2055920000000000E+00  0.4479918116095050E-02  0.1992914075483595E-01
  0.2095840000000000E+00  0.4479081286479929E-02  0.1996584042539966E-01
  0.2135760000000000E+00  0.4478228492893625E-02  0.2000291371527766E-01
  0.2175680000000000E+00  0.4477359742625382E-02  0.2004034391150859E-01
  0.2215600000000000E+00  0.4476475043275641E-02  0.2007811418292560E-01
  0.2255520000000000E+00  0.4475574402439324E-02  0.2011620758946586E-01
  0.2295440000000000E+00  0.4474657828024327E-02  0.2015460709126253E-01
  0.2335360000000000E+00  0.4473725327979554E-02  0.2019329555641510E-01
  0.2375280000000000E+00  0.4472776910327140E-02  0.2023225577272851E-01
  0.2415200000000000E+00  0.4471812583416668E-02  0.2027147045342526E-01
  0.2455120000000000E+00  0.4470832355601899E-02  0.2031092224864232E-01
  0.2495040000000000E+00  0.4469836235380331E-02  0.2035059375339824E-01
  0.2534960000000000E+00  0.4468824231513661E-02  0.2039046751615088E-01
  0.2574880000000000E+00  0.4467796352759253E-02  0.2043052604849427E-01
  0.2614800000000000E+00  0.4466752608137892E-02  0.2047075183352727E-01
  0.2654720000000000E+00  0.4465693006801367E-02  0.2051112733394437E-01
  0.2694640000000000E+00  0.4464617557927042E-02  0.2055163500258657E-01
  0.2734560000000000E+00  0.4463526270977088E-02  0.2059225728876897E-01
  0.2774480000000000E+00  0.4462419155517002E-02  0.2063297664834159E-01
  0.2814400000000000E+00  0.4461296221237920E-02  0.2067377555251459E-01
  0.2854320000000000E+00  0.4460157478006506E-02  0.2071463649377018E-01
  0.2894240000000000E+00  0.4459002935832864E-02  0.2075554199763507E-01
  0.2934160000000000E+00  0.4457832604804997E-02  0.2079647462771280E-01
  0.2974080000000000E+00  0.4456646495294462E-02  0.2083741699576732E-01
  0.3014000000000000E+00  0.4455444617683546E-02  0.2087835176980753E-01
  0.3053920000000000E+00  0.4454226982606261E-02  0.2091926167957607E-01
  0.3093840000000000E+00  0.4452993600771856E-02  0.2096012952791708E-01
  0.3133760000000000E+00  0.4451744483077576E-02  0.2100093819548920E-01
  0.3173680000000000E+00  0.4450479640549047E-02  0.2104167064887289E-01
  0.3213600000000000E+00  0.4449199084394968E-02  0.2108230994955207E-01
  0.3253520000000000E+00  0.4447902825930032E-02  0.2112283925971292E-01
  0.3293440000000000E+00  0.4446590876685456E-02  0.2116324184947960E-01
  0.3333360000000000E+00  0.4445263248219329E-02  0.2120350110356754E-01
  0.3373280000000000E+00  0.4443919952352012E-02  0.2124360052978573E-01
  0.3413200000000000E+00  0.4442561001038940E-02  0.2128352376467298E-01
  0.3453120000000000E+00  0.4441186406328216E-02  0.2132325457912036E-01
  0.3493040000000000E+00  0.4439796180499685E-02  0.2136277688644024E-01
  0.3532960000000000E+00  0.4438390335897806E-02  0.2140207474814626E-01
  0.3572880000000000E+00  0.4436968885086563E-02  0.2144113237914095E-01
  0.3612800000000000E+00  0.4435531840788228E-02  0.2147993415403142E-01
  0.3652720000000000E+00  0.4434079215733393E-02  0.2151846461498826E-01
  0.3692640000000000E+00  0.4432611023051851E-02  0.2155670847381226E-01
  0.3732560000000000E+00  0.4431127275813999E-02  0.2159465061999584E-01
  0.3772480000000000E+00  0.4429627987363090E-02  0.2163227612514877E-01
  0.3812400000000000E+00  0.4428113171088155E-02  0.2166957024792970E-01
  0.3852320000000000E+00  0.4426582840652708E-02  0.2170651843960488E-01
  0.3892240000000000E+00  0.4425037009804382E-02  0.2174310634808300E-01
  0.3932160000000000E+00  0.4423475692417707E-02  0.2177931982314655E-01
  0.3972080000000000E+00  0.4421898902618533E-02  0.2181514492123116E-01
  0.4012000000000000E+00  0.4420306654621934E-02  0.2185056790758385E-01
  0.4051920000000000E+00  0.4418698962768993E-02  0.2188557526394789E-01
  0.4091840000000000E+00  0.4417075841630980E-02  0.2192015368924046E-01
  0.4131760000000000E+00  0.4415437305843410E-02  0.2195429010409707E-01
  0.4171680000000000E+00  0.4413783370294004E-02  0.2198797165611466E-01
  0.4211600000000000E+00  0.4412114049977693E-02  0.2202118572134674E-01
  0.4251520000000000E+00  0.4410429360053499E-02  0.2205391990847409E-01
  0.4291440000000000E+00  0.4408729315758124E-02  0.2208616206094656E-01
  0.4331360000000000E+00  0.4407013932655672E-02  0.2211790026108629E-01
  0.4371280000000000E+00  0.4405283226302441E-02  0.2214912283213732E-01
  0.4411200000000000E+00  0.4403537212562185E-02  0.2217981834122629E-01
  0.4451120000000000E+00  0.4401775907240002E-02  0.2220997560055353E-01
  0.4491040000000000E+00  0.4399999326552884E-02  0.2223958367179309E-01
  0.4530960000000000E+00  0.4398207486682367E-02  0.2226863186556123E-01
  0.4570880000000000E+00  0.4396400404051130E-02  0.2229710974435946E-01
  0.4610800000000000E+00  0.4394578095280728E-02  0.2232500712573038E-01
  0.4650720000000000E+00  0.4392740577028320E-02  0.2235231408197384E-01
  0.4690640000000000E+00  0.4390887866200566E-02  0.2237902094133726E-01
  0.4730560000000000E+00  0.4389019979855339E-02  0.2240511829089501E-01
  0.4770480000000000E+00  0.4387136935203761E-02  0.2243059697635512E-01
  0.4810400000000000E+00  0.4385238749566052E-02  0.2245544810281082E-01
  0.4850320000000000E+00  0.4383325440494949E-02  0.2247966303690433E-01
  0.4890240000000000E+00  0.4381397025687924E-02  0.2250323340589248E-01
  0.4930160000000000E+00  0.4379453522957617E-02  0.2252615109864335E-01
  0.4970080000000000E+00  0.4377494950330536E-02  0.2254840826592693E-01
  0.5010000000000000E+00  0.4375521325922523E-02  0.2256999732120657E-01
  0.5049920000000000E+00  0.4373532668118056E-02  0.2259091093999007E-01
  0.5089840000000000E+00  0.4371528995366340E-02  0.2261114205871998E-01
  0.5129760000000000E+00  0.4369510326347618E-02  0.2263068387678135E-01
  0.5169680000000000E+00  0.4367476679827472E-02  0.2264952985459131E-01
  0.5209600000000000E+00  0.4365428074789383E-02  0.2266767371283455E-01
  0.5249520000000000E+00  0.4363364530370673E-02  0.2268510943347531E-01
  0.5289440000000000E+00  0.4361286065911019E-02  0.2270183125657381E-01
  0.5329360000000000E+00  0.4359192700744881E-02  0.2271783368128766E-01
  0.5369280000000000E+00  0.4357084454592671E-02  0.2273311146449493E-01
  0.5409200000000000E+00  0.4354961347179979E-02  0.2274765961878559E-01
  0.5449120000000000E+00  0.4352823398502514E-02  0.2276147341178884E-01
  0.5489039999999999E+00  0.4350670628622007E-02  0.2277454836491244E-01
  0.5528960000000001E+00  0.4348503057865790E-02  0.2278688025193880E-01
  0.5568880000000000E+00  0.4346320706587692E-02  0.2279846509660888E-01
  0.5608800000000000E+00  0.4344123595416545E-02  0.2280929917244127E-01
  0.5648720000000000E+00  0.4341911745125808E-02  0.2281937899888161E-01
  0.5688640000000000E+00  0.4339685176640000E-02  0.2282870134124708E-01
  0.5728560000000000E+00  0.4337443911035706E-02  0.2283726320810220E-01
  0.5768480000000000E+00  0.4335187969564706E-02  0.2284506184905514E-01
  0.5808400000000000E+00  0.4332917373684501E-02  0.2285209475209797E-01
  0.5848320000000000E+00  0.4330632144886752E-02  0.2285835964266932E-01
  0.5888240000000000E+00  0.4328332305029529E-02  0.2286385448019697E-01
  0.5928160000000000E+00  0.4326017875914245E-02  0.2286857745634448E-01
  0.5968080000000000E+00  0.4323688879699213E-02  0.2287252699188628E-01
  0.6008000000000000E+00  0.4321345338603437E-02  0.2287570173494665E-01
  0.6047920000000000E+00  0.4318987275033881E-02  0.2287810055768176E-01
  0.6087840000000000E+00  0.4316614711523004E-02  0.2287972255433350E-01
  0.6127760000000000E+00  0.4314227670850324E-02  0.2288056703710898E-01
  0.6167680000000000E+00  0.4311826175923554E-02  0.2288063353583499E-01
  0.6207600000000000E+00  0.4309410249790850E-02  0.2287992179205648E-01
  0.6247520000000000E+00  0.4306979915699875E-02  0.2287843175839492E-01
  0.6287440000000000E+00  0.4304535197040549E-02  0.2287616359473336E-01
  0.6327360000000000E+00  0.4302076117397117E-02  0.2287311766538025E-01
  0.6367280000000000E+00  0.4299602700503151E-02  0.2286929453613817E-01
  0.6407200000000000E+00  0.4297114970222005E-02  0.2286469496979941E-01
  0.6447120000000000E+00  0.4294612950675680E-02  0.2285931992611031E-01
  0.6487039999999999E+00  0.4292096666012417E-02  0.2285317055520175E-01
  0.6526960000000001E+00  0.4289566140740979E-02  0.2284624819668091E-01
  0.6566880000000000E+00  0.4287021399395852E-02  0.2283855437527293E-01
  0.6606800000000000E+00  0.4284462466648449E-02  0.2283009079770837E-01
  0.6646720000000000E+00  0.4281889367409882E-02  0.2282085935042429E-01
  0.6686640000000000E+00  0.4279302126789693E-02  0.2281086209446115E-01
  0.6726560000000000E+00  0.4276700769992203E-02  0.2280010126362741E-01
  0.6766480000000000E+00  0.4274085322427308E-02  0.2278857926084266E-01
  0.6806400000000000E+00  0.4271455809693014E-02  0.2277629865394141E-01
  0.6846320000000000E+00  0.4268812257473553E-02  0.2276326217356561E-01
  0.6886240000000000E+00  0.4266154691680901E-02  0.2274947270868670E-01
  0.6926160000000000E+00  0.4263483138396269E-02  0.2273493330392544E-01
  0.6966080000000000E+00  0.4260797623819368E-02  0.2271964715593907E-01
  0.7006000000000000E+00  0.4258098174430236E-02  0.2270361760983371E-01
  0.7045920000000000E+00  0.4255384816693519E-02  0.2268684815574014E-01
  0.7085840000000000E+00  0.4252657577380655E-02  0.2266934242564160E-01
  0.7125760000000000E+00  0.4249916483457332E-02  0.2265110419050968E-01
  0.7165680000000000E+00  0.4247161561935275E-02  0.2263213735510934E-01
  0.7205600000000000E+00  0.4244392840048516E-02  0.2261244595710177E-01
  0.7245520000000000E+00  0.4241610345208017E-02  0.2259203416108065E-01
  0.7285440000000000E+00  0.4238814104940092E-02  0.2257090625759435E-01
  0.7325360000000000E+00  0.4236004147050831E-02  0.2254906665800697E-01
  0.7365280000000000E+00  0.4233180499469451E-02  0.2252651989141752E-01
  0.7405200000000000E+00  0.4230343190154806E-02  0.2250327060272513E-01
  0.7445120000000000E+00  0.4227492247452151E-02  0.2247932354771328E-01
  0.7485039999999999E+00  0.4224627699663104E-02  0.2245468359002241E-01
  0.7524960000000001E+00  0.4221749575391749E-02  0.2242935569911271E-01
  0.7564880000000000E+00  0.4218857903417621E-02  0.2240334494504403E-01
  0.7604800000000000E+00  0.4215952712601519E-02  0.2237665649664293E-01
  0.7644720000000000E+00  0.4213034032072775E-02  0.2234929561841599E-01
  0.7684640000000000E+00  0.4210101890948281E-02  0.2232126766582406E-01
  0.7724560000000000E+00  0.4207156318696947E-02  0.2229257808402256E-01
  0.7764480000000000E+00  0.4204197344941929E-02  0.2226323240363559E-01
  0.7804400000000000E+00  0.4201224999293836E-02  0.2223323623762082E-01
  0.7844320000000000E+00  0.4198239311758038E-02  0.2220259527847175E-01
  0.7884240000000000E+00  0.4195240312345046E-02  0.2217131529560097E-01
  0.7924160000000000E+00  0.4192228031210443E-02  0.2213940213111447E-01
  0.7964080000000000E+00  0.4189202498892690E-02  0.2210686169826714E-01
  0.8004000000000000E+00  0.4186163745833286E-02  0.2207369997735646E-01
  0.8043920000000000E+00  0.4183111802840515E-02  0.2203992301337128E-01
  0.8083840000000000E+00  0.4180046700704450E-02  0.2200553691306273E-01
  0.8123760000000000E+00  0.4176968470574878E-02  0.2197054784233702E-01
  0.8163680000000000E+00  0.4173877143592557E-02  0.2193496202226804E-01
  0.8203600000000000E+00  0.4170772751194744E-02  0.2189878572840787E-01
  0.8243520000000000E+00  0.4167655324873583E-02  0.2186202528544305E-01
  0.8283440000000000E+00  0.4164524896336157E-02  0.2182468706722755E-01
  0.8323360000000000E+00  0.4161381497498155E-02  0.2178677749164248E-01
  0.8363280000000000E+00  0.4158225160344291E-02  0.2174830302015603E-01
  0.8403200000000000E+00  0.4155055917107149E-02  0.2170927015356735E-01
  0.8443120000000000E+00  0.4151873800082602E-02  0.2166968542983897E-01
  0.8483039999999999E+00  0.4148678841876974E-02  0.2162955542224202E-01
  0.8522960000000001E+00  0.4145471075087448E-02  0.2158888673691376E-01
  0.8562880000000000E+00  0.4142250532662965E-02  0.2154768600880456E-01
  0.8602800000000000E+00  0.4139017247480892E-02  0.2150595990151690E-01
  0.8642720000000000E+00  0.4135771252764653E-02  0.2146371510378435E-01
  0.8682640000000000E+00  0.4132512581853949E-02  0.2142095832697155E-01
  0.8722560000000000E+00  0.4129241268239474E-02  0.2137769630308028E-01
  0.8762480000000000E+00  0.4125957345530340E-02  0.2133393578298100E-01
  0.8802400000000000E+00  0.4122660847558930E-02  0.2128968353386977E-01
  0.8842320000000000E+00  0.4119351808323272E-02  0.2124494633648122E-01
  0.8882240000000000E+00  0.4116030261889410E-02  0.2119973098418360E-01
  0.8922160000000000E+00  0.4112696242562978E-02  0.2115404428054061E-01
  0.8962080000000000E+00  0.4109349784782168E-02  0.2110789303642154E-01
  0.9002000000000000E+00  0.4105990923203999E-02  0.2106128406892186E-01
  0.9041920000000000E+00  0.4102619692491223E-02  0.2101422419932468E-01
  0.9081840000000000E+00  0.4099236127636703E-02  0.2096672025120945E-01
  0.9121760000000000E+00  0.4095840263659094E-02  0.2091877904841932E-01
  0.9161680000000000E+00  0.4092432135866668E-02  0.2087040741319986E-01
  0.9201600000000000E+00  0.4089011779556821E-02  0.2082161216415646E-01
  0.9241520000000000E+00  0.4085579230326375E-02  0.2077240011553871E-01
  0.9281440000000000E+00  0.4082134523811343E-02  0.2072277807472352E-01
  0.9321360000000000E+00  0.4078677695954787E-02  0.2067275284030175E-01
  0.9361280000000000E+00  0.4075208782723050E-02  0.2062233120130852E-01
  0.9401200000000000E+00  0.4071727820199156E-02  0.2057151993507896E-01
  0.9441120000000000E+00  0.4068234844825029E-02  0.2052032580582923E-01
  0.9481039999999999E+00  0.4064729892996592E-02  0.2046875556341547E-01
  0.9520960000000001E+00  0.4061213001334625E-02  0.2041681594125440E-01
  0.9560880000000000E+00  0.4057684206624519E-02  0.2036451365559759E-01
  0.9600800000000000E+00  0.4054143545779006E-02  0.2031185540365913E-01
  0.9640720000000000E+00  0.4050591055867654E-02  0.2025884786226206E-01
  0.9680640000000000E+00  0.4047026774185521E-02  0.2020549768744180E-01
  0.9720560000000000E+00  0.4043450737969634E-02  0.2015181151114461E-01
  0.9760480000000000E+00  0.4039862984869025E-02  0.2009779594236801E-01
  0.9800400000000000E+00  0.4036263552506525E-02  0.2004345756448741E-01
  0.9840320000000000E+00  0.4032652478707395E-02  0.1998880293464341E-01
  0.9880240000000000E+00  0.4029029801424056E-02  0.1993383858164725E-01
  0.9920160000000000E+00  0.4025395558778196E-02  0.1987857100656398E-01
  0.9960080000000000E+00  0.4021749789109667E-02  0.1982300668029794E-01
  0.1000000000000000E+01  0.4018092530711059E-02  0.1976715204291457E-01
  0.1026491680839000E+01  0.3993533991244617E-02  0.1938959809407503E-01
  0.1056786161003000E+01  0.3964846843058423E-02  0.1894486877911694E-01
  0.1088703936712000E+01  0.3933944684066419E-02  0.1846409076296677E-01
  0.1121723800805000E+01  0.3901265569128065E-02  0.1795654367447874E-01
  0.1155588150741000E+01  0.3867025524996034E-02  0.1742836930964694E-01
  0.1190141050780000E+01  0.3831359607471237E-02  0.1688453335869922E-01
  0.1225277261537000E+01  0.3794365188203234E-02  0.1632936791890198E-01
  0.1260920678924000E+01  0.3756119780813286E-02  0.1576676291730739E-01
  0.1297013558176000E+01  0.3716689687688309E-02  0.1520024158537218E-01
  0.1333510502098000E+01  0.3676134659285605E-02  0.1463299262749906E-01
  0.1370374832331000E+01  0.3634510589995662E-02  0.1406788601519149E-01
  0.1407576264730000E+01  0.3591871156907271E-02  0.1350748345510189E-01
  0.1445089349019000E+01  0.3548268846369015E-02  0.1295404822624263E-01
  0.1482892381256000E+01  0.3503755607096500E-02  0.1240955629220610E-01
  0.1520966621941000E+01  0.3458383263676553E-02  0.1187570929143557E-01
  0.1559295718995000E+01  0.3412203771127128E-02  0.1135394939833933E-01
  0.1597865272400000E+01  0.3365269359727086E-02  0.1084547575240485E-01
  0.1636662499333000E+01  0.3317632602952610E-02  0.1035126204766255E-01
  0.1675675972292000E+01  0.3269346429481309E-02  0.9872074839668865E-02
  0.1714895411252000E+01  0.3220464094326692E-02  0.9408492157354328E-02
  0.1754311516553000E+01  0.3171039119844010E-02  0.8960922046920399E-02
  0.1793915832968000E+01  0.3121125214114876E-02  0.8529620733319690E-02
  0.1833700637965000E+01  0.3070776172778104E-02  0.8114710143892487E-02
  0.1873658848995000E+01  0.3020045768879450E-02  0.7716194594239269E-02
  0.1913783945901000E+01  0.2968987634055833E-02  0.7333976491227890E-02
  0.1954069905471000E+01  0.2917655134463265E-02  0.6967870952780631E-02
  0.1994511145848000E+01  0.2866101243504504E-02  0.6617619285041319E-02
  0.2035102478983000E+01  0.2814378413651666E-02  0.6282901293938506E-02
  0.2075839069744000E+01  0.2762538449033449E-02  0.5963346431764309E-02
  0.2116716400526000E+01  0.2710632380064202E-02  0.5658543806531663E-02
  0.2157730240489000E+01  0.2658710342088357E-02  0.5368051095616153E-02
  0.2198876618659000E+01  0.2606821458193400E-02  0.5091402419609051E-02
  0.2240151800332000E+01  0.2555013727893231E-02  0.4828115241568305E-02
  0.2281552266261000E+01  0.2503333922128657E-02  0.4577696360852881E-02
  0.2323074694242000E+01  0.2451827485448791E-02  0.4339647075608161E-02
  0.2364715942755000E+01  0.2400538445635934E-02  0.4113467587460696E-02
  0.2406473036380000E+01  0.2349509331603087E-02  0.3898660721625415E-02
  0.2448343152753000E+01  0.2298781099305369E-02  0.3694735033187605E-02
  0.2490323610866000E+01  0.2248393066693578E-02  0.3501207366891417E-02
  0.2532411860537000E+01  0.2198382856931506E-02  0.3317604934218570E-02
  0.2574605472910000E+01  0.2148786350676825E-02  0.3143466966427565E-02
  0.2616902131854000E+01  0.2099637646793155E-02  0.2978345998571945E-02
  0.2659299626176000E+01  0.2050969031921585E-02  0.2821808833430542E-02
  0.2701795842525000E+01  0.2002810958215662E-02  0.2673437231114832E-02
  0.2744388758938000E+01  0.1955192029318231E-02  0.2532828364171148E-02
  0.2787076438941000E+01  0.1908138994121695E-02  0.2399595074467733E-02
  0.2829857026150000E+01  0.1861676748296988E-02  0.2273365963830940E-02
  0.2872728739326000E+01  0.1815828342582573E-02  0.2153785346428433E-02
  0.2915689867825000E+01  0.1770614998025493E-02  0.2040513087657468E-02
  0.2958738767416000E+01  0.1726056127505552E-02  0.1933224350815034E-02
  0.3001873856427000E+01  0.1682169363040162E-02  0.1831609270156862E-02
  0.3045093612177000E+01  0.1638970588441055E-02  0.1735372566213422E-02
  0.3088396567689000E+01  0.1596473976860376E-02  0.1644233116999403E-02
  0.3131781308633000E+01  0.1554692032859530E-02  0.1557923496627751E-02
  0.3175246470497000E+01  0.1513635638172800E-02  0.1476189491141177E-02
  0.3218790735959000E+01  0.1473314101127729E-02  0.1398789599648109E-02
  0.3262412832440000E+01  0.1433735209060160E-02  0.1325494527639417E-02
  0.3306111529822000E+01  0.1394905283060505E-02  0.1256086678081978E-02
  0.3349885638326000E+01  0.1356829235080320E-02  0.1190359644842533E-02
  0.3393734006526000E+01  0.1319510626607167E-02  0.1128117712201558E-02
  0.3437655519494000E+01  0.1282951728642854E-02  0.1069175363391882E-02
  0.3481649097063000E+01  0.1247153582639629E-02  0.1013356800514150E-02
  0.3525713692196000E+01  0.1212116061987556E-02  0.9604954776204962E-03
  0.3569848289467000E+01  0.1177837933745274E-02  0.9104336482804754E-03
  0.3614051903620000E+01  0.1144316920331553E-02  0.8630219286578032E-03
  0.3658323578224000E+01  0.1111549760867428E-02  0.8181188766892775E-03
  0.3702662384408000E+01  0.1079532271908774E-02  0.7755905877908509E-03
  0.3747067419663000E+01  0.1048259407437894E-02  0.7353103072709621E-03
  0.3791537806719000E+01  0.1017725317681542E-02  0.6971580594422490E-03
  0.3836072692483000E+01  0.9879234068491671E-03  0.6610202933094601E-03
  0.3880671247037000E+01  0.9588463894458337E-03  0.6267895445711390E-03
  0.3925332662690000E+01  0.9304863450870435E-03  0.5943641136118370E-03
  0.3970056153079000E+01  0.9028347715921240E-03  0.5636477590656844E-03
  0.4014840952329000E+01  0.8758826365291411E-03  0.5345494064862988E-03
  0.4059686314240000E+01  0.8496204267112289E-03  0.5069828716433222E-03
  0.4104591511533000E+01  0.8240381960123467E-03  0.4808665978907299E-03
  0.4149555835123000E+01  0.7991256111106343E-03  0.4561234070835756E-03
  0.4194578593435000E+01  0.7748719953351071E-03  0.4326802634743204E-03
  0.4239659111753000E+01  0.7512663704983986E-03  0.4104680500353846E-03
  0.4284796731600000E+01  0.7282974967265215E-03  0.3894213566496984E-03
  0.4329990810147000E+01  0.7059539102896306E-03  0.3694782796187950E-03
  0.4375240719658000E+01  0.6842239594496239E-03  0.3505802319437727E-03
  0.4420545846947000E+01  0.6630958383410587E-03  0.3326717638595356E-03
  0.4465905592879000E+01  0.6425576188974399E-03  0.3157003930950423E-03
  0.4511319371877000E+01  0.6225972808819752E-03  0.2996164443763108E-03
  0.4556786611463000E+01  0.6032027400586550E-03  0.2843728976810037E-03
  0.4602306751816000E+01  0.5843618745300349E-03  0.2699252447889193E-03
  0.4647879245346000E+01  0.5660625493360723E-03  0.2562313536851791E-03
  0.4693503556296000E+01  0.5482926392920082E-03  0.2432513403886773E-03
  0.4739179160353000E+01  0.5310400502242437E-03  0.2309474478071166E-03
  0.4784905544280000E+01  0.5142927385680280E-03  0.2192839312295089E-03
  0.4830682205562000E+01  0.4980387294489658E-03  0.2082269500915328E-03
  0.4876508652067000E+01  0.4822661332947615E-03  0.1977444656656638E-03
  0.4922384401727000E+01  0.4669631610331806E-03  0.1878061443449132E-03
  0.4968308982220000E+01  0.4521181379449196E-03  0.1783832662120423E-03
  0.5014281930677000E+01  0.4377195162303382E-03  0.1694486385931519E-03
  0.5060302793397000E+01  0.4237558863745469E-03  0.1609765143202237E-03
  0.5106371125568000E+01  0.4102159873495536E-03  0.1529425144388217E-03
  0.5152486491010000E+01  0.3970887157148881E-03  0.1453235551089643E-03
  0.5198648461916000E+01  0.3843631337047300E-03  0.1380977784687159E-03
  0.5244856618613000E+01  0.3720284763267876E-03  0.1312444872350897E-03
  0.5291110549327000E+01  0.3600741575671331E-03  0.1247440828363678E-03
  0.5337409849959000E+01  0.3484897757120662E-03  0.1185780068779891E-03
  0.5383754123869000E+01  0.3372651178849013E-03  0.1127286857572479E-03
  0.5430142981663000E+01  0.3263901638339469E-03  0.1071794782529015E-03
  0.5476576041002000E+01  0.3158550890106741E-03  0.1019146259230222E-03
  0.5523052926401000E+01  0.3056502670019193E-03  0.9691920616027787E-04
  0.5569573269047000E+01  0.2957662713605977E-03  0.9217908775524895E-04
  0.5616136706617000E+01  0.2861938768780927E-03  0.8768088883267856E-04
  0.5662742883108000E+01  0.2769240603352832E-03  0.8341193702992580E-04
  0.5709391448671000E+01  0.2679480007838411E-03  0.7936023179650686E-04
  0.5756082059445000E+01  0.2592570793905786E-03  0.7551440869999026E-04
  0.5802814377408000E+01  0.2508428788797768E-03  0.7186370562835518E-04
  0.5849588070221000E+01  0.2426971826078675E-03  0.6839793078862150E-04
  0.5896402811091000E+01  0.2348119733194213E-03  0.6510743240313744E-04
  0.5943258278624000E+01  0.2271794315832585E-03  0.6198307001471894E-04
  0.5990154156692000E+01  0.2197919339705301E-03  0.5901618731281399E-04
  0.6037090134305000E+01  0.2126420509820885E-03  0.5619858640026801E-04
  0.6084065905483000E+01  0.2057225447633466E-03  0.5352250342427240E-04
  0.6131081169131000E+01  0.1990263666164210E-03  0.5098058549877157E-04
  0.6178135628925000E+01  0.1925466543425807E-03  0.4856586884940299E-04
  0.6225228993198000E+01  0.1862767294419828E-03  0.4627175811685113E-04
  0.6272360974825000E+01  0.1802100941685481E-03  0.4409200675731428E-04
  0.6319531291118000E+01  0.1743404284811193E-03  0.4202069848158164E-04
  0.6366739663724000E+01  0.1686615868946724E-03  0.4005222967826501E-04
  0.6413985818521000E+01  0.1631675952504676E-03  0.3818129276945175E-04
  0.6461269485525000E+01  0.1578526474204150E-03  0.3640286044908403E-04
  0.6508590398791000E+01  0.1527111019575516E-03  0.3471217075822743E-04
  0.6555948296322000E+01  0.1477374787062871E-03  0.3310471295257399E-04
  0.6603342919984000E+01  0.1429264553800320E-03  0.3157621412056859E-04
  0.6650774015417000E+01  0.1382728641257516E-03  0.3012262651294220E-04
  0.6698241331950000E+01  0.1337716880693186E-03  0.2874011554588666E-04
  0.6745744622523000E+01  0.1294180578663061E-03  0.2742504844230152E-04
  0.6793283643606000E+01  0.1252072482557435E-03  0.2617398347777849E-04
  0.6840858155125000E+01  0.1211346746270746E-03  0.2498365979914235E-04
  0.6888467920385000E+01  0.1171958896068505E-03  0.2385098778560924E-04
  0.6936112705998000E+01  0.1133865796711028E-03  0.2277303992370578E-04
  0.6983792281816000E+01  0.1097025617873789E-03  0.2174704216883174E-04
  0.7031506420860000E+01  0.1061397800899839E-03  0.2077036576794242E-04
  0.7079254899255000E+01  0.1026943025976134E-03  0.1984051951873522E-04
  0.7127037496165000E+01  0.9936231796981311E-04  0.1895514244236885E-04
  0.7174853993732000E+01  0.9614013231104390E-04  0.1811199684773070E-04
  0.7222704177013000E+01  0.9302416602204526E-04  0.1730896176660568E-04
  0.7270587833923000E+01  0.9001095070224584E-04  0.1654402673992648E-04
  0.7318504755175000E+01  0.8709712610442106E-04  0.1581528593661717E-04
  0.7366454734226000E+01  0.8427943714413737E-04  0.1512093258720937E-04
  0.7414437567223000E+01  0.8155473096388545E-04  0.1445925371559080E-04
  0.7462453052947000E+01  0.7891995405552631E-04  0.1382862515303613E-04
  0.7510500992765000E+01  0.7637214943941614E-04  0.1322750681934970E-04
  0.7558581190576000E+01  0.7390845390233009E-04  0.1265443825706665E-04
  0.7606693452764000E+01  0.7152609529418067E-04  0.1210803440504150E-04
  0.7654837588152000E+01  0.6922238988388589E-04  0.1158698159872537E-04
  0.7703013407952000E+01  0.6699473977502623E-04  0.1109003378506671E-04
  0.7751220725721000E+01  0.6484063038056927E-04  0.1061600894044839E-04
  0.7799459357318000E+01  0.6275762795653318E-04  0.1016378568085501E-04
  0.7847729120860000E+01  0.6074337719513300E-04  0.9732300053992546E-05
  0.7896029836678000E+01  0.5879559887583727E-04  0.9320542503595827E-05
  0.7944361327281000E+01  0.5691208757538258E-04  0.8927554996624170E-05
  0.7992723417312000E+01  0.5509070943437213E-04  0.8552428304740438E-05
  0.8041115933508999E+01  0.5332939998159111E-04  0.8194299431675091E-05
  0.8089538704670000E+01  0.5162616201385877E-04  0.7852349178652210E-05
  0.8137991561612001E+01  0.4997906353201140E-04  0.7525799840525139E-05
  0.8186474337138000E+01  0.4838623573110410E-04  0.7213913025489902E-05
  0.8234986866002000E+01  0.4684587104420998E-04  0.6915987591795168E-05
  0.8283528984870999E+01  0.4535622123991203E-04  0.6631357695149237E-05
  0.8332100532294000E+01  0.4391559557112791E-04  0.6359390940796747E-05
  0.8380701348668000E+01  0.4252235897521018E-04  0.6099486634683386E-05
  0.8429331276208000E+01  0.4117493032413272E-04  0.5851074128322559E-05
  0.8477990158912000E+01  0.3987178072390965E-04  0.5613611252353738E-05
  0.8526677842534999E+01  0.3861143186194629E-04  0.5386582833931859E-05
  0.8575394174554001E+01  0.3739245440178602E-04  0.5169499293507919E-05
  0.8624139004142000E+01  0.3621346642359934E-04  0.4961895316623400E-05
  0.8672912182138001E+01  0.3507313191009171E-04  0.4763328596724049E-05
  0.8721713561022000E+01  0.3397015927638639E-04  0.4573378645112730E-05
  0.8770542994884000E+01  0.3290329994294535E-04  0.4391645664452976E-05
  0.8819400339396999E+01  0.3187134695073117E-04  0.4217749482343015E-05
  0.8868285451794000E+01  0.3087313361715549E-04  0.4051328541711694E-05
  0.8917198190842999E+01  0.2990753223230540E-04  0.3892038944981583E-05
  0.8966138416814999E+01  0.2897345279434867E-04  0.3739553549100442E-05
  0.9015105991470000E+01  0.2806984178271746E-04  0.3593561108607418E-05
  0.9064100778025001E+01  0.2719568096879941E-04  0.3453765464245299E-05
  0.9113122641131000E+01  0.2634998626266961E-04  0.3319884774566340E-05
  0.9162171446858000E+01  0.2553180659494855E-04  0.3191650788211046E-05
  0.9211247062662000E+01  0.2474022283333690E-04  0.3068808154725410E-05
  0.9260349357370000E+01  0.2397434673223759E-04  0.2951113771733138E-05
  0.9309478201156001E+01  0.2323331991509498E-04  0.2838336166565646E-05
  0.9358633465522001E+01  0.2251631288831071E-04  0.2730254910448479E-05
  0.9407815023274001E+01  0.2182252408601906E-04  0.2626660063505296E-05
  0.9457022748506001E+01  0.2115117894470156E-04  0.2527351648883561E-05
  0.9506256516575000E+01  0.2050152900702919E-04  0.2432139154462970E-05
  0.9555516204088001E+01  0.1987285105384313E-04  0.2340841060613088E-05
  0.9604801688877000E+01  0.1926444626381900E-04  0.2253284392639893E-05
  0.9654112849986999E+01  0.1867563939964920E-04  0.2169304296541269E-05
  0.9703449567649001E+01  0.1810577802038670E-04  0.2088743636863877E-05
  0.9752811723272000E+01  0.1755423171877538E-04  0.2011452615411984E-05
  0.9802199199419000E+01  0.1702039138322534E-04  0.1937288409743373E-05
  0.9851611879789999E+01  0.1650366848349117E-04  0.1866114830349562E-05
  0.9901049649209000E+01  0.1600349437935361E-04  0.1797801995522215E-05
  0.9950512393606999E+01  0.1551931965175339E-04  0.1732226022967921E-05
  0.1000000000000000E+02  0.1505061345567981E-04  0.1669268737272777E-05
  0.1005000000000000E+02  0.1459246775306243E-04  0.1608234257651778E-05
  0.1010000000000000E+02  0.1414928246430306E-04  0.1549673379639838E-05
  0.1015000000000000E+02  0.1372054239511314E-04  0.1493476838115909E-05
  0.1020000000000000E+02  0.1330575077162194E-04  0.1439540555197612E-05
  0.1025000000000000E+02  0.1290442856738162E-04  0.1387765377872889E-05
  0.1030000000000000E+02  0.1251611385502978E-04  0.1338056829712318E-05
  0.1035000000000000E+02  0.1214036118173417E-04  0.1290324875863906E-05
  0.1040000000000000E+02  0.1177674096755574E-04  0.1244483700579551E-05
  0.1045000000000000E+02  0.1142483892590601E-04  0.1200451496566729E-05
  0.1050000000000000E+02  0.1108425550530528E-04  0.1158150265500509E-05
  0.1055000000000000E+02  0.1075460535166462E-04  0.1117505629070444E-05
  0.1060000000000000E+02  0.1043551679035592E-04  0.1078446649973350E-05
  0.1065000000000000E+02  0.1012663132734554E-04  0.1040905662297779E-05
  0.1070000000000000E+02  0.9827603168703139E-05  0.1004818110778370E-05
  0.1075000000000000E+02  0.9538098757814925E-05  0.9701223984287244E-06
  0.1080000000000000E+02  0.9257796329657961E-05  0.9367597420901979E-06
  0.1085000000000000E+02  0.8986385481509740E-05  0.9046740354608155E-06
  0.1090000000000000E+02  0.8723566759495742E-05  0.8738117191939023E-06
  0.1095000000000000E+02  0.8469051260393355E-05  0.8441216576797547E-06
  0.1100000000000000E+02  0.8222560248133044E-05  0.8155550221460013E-06
  0.1105000000000000E+02  0.7983824784458514E-05  0.7880651797333008E-06
  0.1110000000000000E+02  0.7752585373224622E-05  0.7616075882227769E-06
  0.1115000000000000E+02  0.7528591617831834E-05  0.7361396961101070E-06
  0.1120000000000000E+02  0.7311601891313044E-05  0.7116208477386139E-06
  0.1125000000000000E+02  0.7101383018607206E-05  0.6880121932201115E-06
  0.1130000000000000E+02  0.6897709970568761E-05  0.6652766028876521E-06
  0.1135000000000000E+02  0.6700365569279899E-05  0.6433785860388220E-06
  0.1140000000000000E+02  0.6509140204247638E-05  0.6222842137418305E-06
  0.1145000000000000E+02  0.6323831559082593E-05  0.6019610454894877E-06
  0.1150000000000000E+02  0.6144244348271150E-05  0.5823780594982052E-06
  0.1155000000000000E+02  0.5970190063666678E-05  0.5635055864604700E-06
  0.1160000000000000E+02  0.5801486730338984E-05  0.5453152465699698E-06
  0.1165000000000000E+02  0.5637958671434707E-05  0.5277798896485269E-06
  0.1170000000000000E+02  0.5479436281713254E-05  0.5108735382134978E-06
  0.1175000000000000E+02  0.5325755809436057E-05  0.4945713333331606E-06
  0.1180000000000000E+02  0.5176759146297836E-05  0.4788494831260273E-06
  0.1185000000000000E+02  0.5032293625100629E-05  0.4636852137678566E-06
  0.1190000000000000E+02  0.4892211824882117E-05  0.4490567228776266E-06
  0.1195000000000000E+02  0.4756371383219955E-05  0.4349431351606909E-06
  0.1200000000000000E+02  0.4624634815445076E-05  0.4213244601939590E-06
  0.1205000000000000E+02  0.4496869340505766E-05  0.4081815522441433E-06
  0.1210000000000000E+02  0.4372946713234234E-05  0.3954960720159845E-06
  0.1215000000000000E+02  0.4252743062776991E-05  0.3832504502328959E-06
  0.1220000000000000E+02  0.4136138736958626E-05  0.3714278529576668E-06
  0.1225000000000000E+02  0.4023018152357292E-05  0.3600121485657768E-06
  0.1230000000000000E+02  0.3913269649878668E-05  0.3489878762885380E-06
  0.1235000000000000E+02  0.3806785355623018E-05  0.3383402162476148E-06
  0.1240000000000000E+02  0.3703461046847234E-05  0.3280549609066321E-06
  0.1245000000000000E+02  0.3603196022832028E-05  0.3181184878694795E-06
  0.1250000000000000E+02  0.3505892980470467E-05  0.3085177339585682E-06
  0.1255000000000000E+02  0.3411457894401818E-05  0.2992401705098278E-06
  0.1260000000000000E+02  0.3319799901520790E-05  0.2902737798244684E-06
  0.1265000000000000E+02  0.3230831189698655E-05  0.2816070327206483E-06
  0.1270000000000000E+02  0.3144466890559248E-05  0.2732288671311546E-06
  0.1275000000000000E+02  0.3060624976158128E-05  0.2651286676959171E-06
  0.1280000000000000E+02  0.2979226159419542E-05  0.2572962463008550E-06
  0.1285000000000000E+02  0.2900193798190760E-05  0.2497218235170035E-06
  0.1290000000000000E+02  0.2823453802779091E-05  0.2423960108962216E-06
  0.1295000000000000E+02  0.2748934546841538E-05  0.2353097940820027E-06
  0.1300000000000000E+02  0.2676566781502432E-05  0.2284545166960187E-06
  0.1305000000000000E+02  0.2606283552578615E-05  0.2218218649629976E-06
  0.1310000000000000E+02  0.2538020120796647E-05  0.2154038530384373E-06
  0.1315000000000000E+02  0.2471713884890658E-05  0.2091928090054309E-06
  0.1320000000000000E+02  0.2407304307473871E-05  0.2031813615085744E-06
  0.1325000000000000E+02  0.2344732843580670E-05  0.1973624269945131E-06
  0.1330000000000000E+02  0.2283942871780074E-05  0.1917291975302257E-06
  0.1335000000000000E+02  0.2224879627765343E-05  0.1862751291715556E-06
  0.1340000000000000E+02  0.2167490140327745E-05  0.1809939308558721E-06
  0.1345000000000000E+02  0.2111723169626421E-05  0.1758795537940480E-06
  0.1350000000000000E+02  0.2057529147669126E-05  0.1709261813381365E-06
  0.1355000000000000E+02  0.2004860120922328E-05  0.1661282193023230E-06
  0.1360000000000000E+02  0.1953669694971848E-05  0.1614802867158082E-06
  0.1365000000000000E+02  0.1903912981158406E-05  0.1569772069873290E-06
  0.1370000000000000E+02  0.1855546545115336E-05  0.1526139994620285E-06
  0.1375000000000000E+02  0.1808528357138234E-05  0.1483858713523074E-06
  0.1380000000000000E+02  0.1762817744319296E-05  0.1442882100252005E-06
  0.1385000000000000E+02  0.1718375344381334E-05  0.1403165756296623E-06
  0.1390000000000000E+02  0.1675163061149141E-05  0.1364666940479490E-06
  0.1395000000000000E+02  0.1633144021598072E-05  0.1327344501560652E-06
  0.1400000000000000E+02  0.1592282534422093E-05  0.1291158813789443E-06
  0.1405000000000000E+02  0.1552544050065641E-05  0.1256071715267497E-06
  0.1410000000000000E+02  0.1513895122165757E-05  0.1222046448993175E-06
  0.1415000000000000E+02  0.1476303370353027E-05  0.1189047606464019E-06
  0.1420000000000000E+02  0.1439737444361700E-05  0.1157041073719616E-06
  0.1425000000000000E+02  0.1404166989401299E-05  0.1125993979713047E-06
  0.1430000000000000E+02  0.1369562612743841E-05  0.1095874646904257E-06
  0.1435000000000000E+02  0.1335895851482351E-05  0.1066652543973960E-06
  0.1440000000000000E+02  0.1303139141418297E-05  0.1038298240561359E-06
  0.1445000000000000E+02  0.1271265787036849E-05  0.1010783363933715E-06
  0.1450000000000000E+02  0.1240249932530640E-05  0.9840805575000113E-07
  0.1455000000000000E+02  0.1210066533834041E-05  0.9581634410852482E-07
  0.1460000000000000E+02  0.1180691331631468E-05  0.9330065728857905E-07
  0.1465000000000000E+02  0.1152100825304487E-05  0.9085854130299435E-07
  0.1470000000000000E+02  0.1124272247783982E-05  0.8848762886715711E-07
  0.1475000000000000E+02  0.1097183541274656E-05  0.8618563605478726E-07
  0.1480000000000000E+02  0.1070813333820596E-05  0.8395035909357972E-07
  0.1485000000000000E+02  0.1045140916681639E-05  0.8177967129445313E-07
  0.1490000000000000E+02  0.1020146222491441E-05  0.7967152010844927E-07
  0.1495000000000000E+02  0.9958098041692847E-06  0.7762392430560866E-07
  0.1500000000000000E+02  0.9721128145585427E-06  0.7563497127040058E-07
  0.1505000000000000E+02  0.9490369867659596E-06  0.7370281440855413E-07
  0.1510000000000000E+02  0.9265646151765963E-06  0.7182567066036572E-07
  0.1515000000000000E+02  0.9046785371204303E-06  0.7000181811579009E-07
  0.1520000000000000E+02  0.8833621151673380E-06  0.6822959372684526E-07
  0.1525000000000000E+02  0.8625992200281603E-06  0.6650739111305946E-07
  0.1530000000000000E+02  0.8423742140402511E-06  0.6483365845589416E-07
  0.1535000000000000E+02  0.8226719352168273E-06  0.6320689647826077E-07
  0.1540000000000000E+02  0.8034776818400747E-06  0.6162565650542763E-07
  0.1545000000000000E+02  0.7847771975787991E-06  0.6008853860378611E-07
  0.1550000000000000E+02  0.7665566571120661E-06  0.5859418979410632E-07
  0.1555000000000000E+02  0.7488026522409139E-06  0.5714130233606551E-07
  0.1560000000000000E+02  0.7315021784709961E-06  0.5572861208098279E-07
  0.1565000000000000E+02  0.7146426220494729E-06  0.5435489688982993E-07
  0.1570000000000000E+02  0.6982117474402295E-06  0.5301897511372706E-07
  0.1575000000000000E+02  0.6821976852219788E-06  0.5171970413425120E-07
  0.1580000000000000E+02  0.6665889203943932E-06  0.5045597896101616E-07
  0.1585000000000000E+02  0.6513742810779868E-06  0.4922673088408909E-07
  0.1590000000000000E+02  0.6365429275939028E-06  0.4803092617892556E-07
  0.1595000000000000E+02  0.6220843419103568E-06  0.4686756486160549E-07
  0.1600000000000000E+02  0.6079883174429037E-06  0.4573567949225305E-07
  0.1605000000000000E+02  0.5942449491961618E-06  0.4463433402462167E-07
  0.1610000000000000E+02  0.5808446242351020E-06  0.4356262269991106E-07
  0.1615000000000000E+02  0.5677780124744251E-06  0.4251966898297285E-07
  0.1620000000000000E+02  0.5550360577749384E-06  0.4150462453914405E-07
  0.1625000000000000E+02  0.5426099693362950E-06  0.4051666825002319E-07
  0.1630000000000000E+02  0.5304912133757679E-06  0.3955500526658159E-07
  0.1635000000000000E+02  0.5186715050831825E-06  0.3861886609807222E-07
  0.1640000000000000E+02  0.5071428008424082E-06  0.3770750573526651E-07
  0.1645000000000000E+02  0.4958972907102094E-06  0.3682020280661503E-07
  0.1650000000000000E+02  0.4849273911435544E-06  0.3595625876598922E-07
  0.1655000000000000E+02  0.4742257379668058E-06  0.3511499711071997E-07
  0.1660000000000000E+02  0.4637851795705322E-06  0.3429576262870615E-07
  0.1665000000000000E+02  0.4535987703339466E-06  0.3349792067341811E-07
  0.1670000000000000E+02  0.4436597642632975E-06  0.3272085646567466E-07
  0.1675000000000000E+02  0.4339616088387912E-06  0.3196397442111801E-07
  0.1680000000000000E+02  0.4244979390628778E-06  0.3122669750235976E-07
  0.1685000000000000E+02  0.4152625717030056E-06  0.3050846659481483E-07
  0.1690000000000000E+02  0.4062494997222026E-06  0.2980873990528228E-07
  0.1695000000000000E+02  0.3974528868910242E-06  0.2912699238237194E-07
  0.1700000000000000E+02  0.3888670625747186E-06  0.2846271515791662E-07
  0.1705000000000000E+02  0.3804865166895958E-06  0.2781541500854242E-07
  0.1710000000000000E+02  0.3723058948228596E-06  0.2718461383660923E-07
  0.1715000000000000E+02  0.3643199935103162E-06  0.2656984816976390E-07
  0.1720000000000000E+02  0.3565237556666305E-06  0.2597066867838132E-07
  0.1725000000000000E+02  0.3489122661629069E-06  0.2538663971020115E-07
  0.1730000000000000E+02  0.3414807475466285E-06  0.2481733884149287E-07
  0.1735000000000000E+02  0.3342245558991404E-06  0.2426235644411503E-07
  0.1740000000000000E+02  0.3271391768259914E-06  0.2372129526785649E-07
  0.1745000000000000E+02  0.3202202215756809E-06  0.2319377003747535E-07
  0.1750000000000000E+02  0.3134634232824665E-06  0.2267940706387595E-07
  0.1755000000000000E+02  0.3068646333290511E-06  0.2217784386888510E-07
  0.1760000000000000E+02  0.3004198178251147E-06  0.2168872882311332E-07
  0.1765000000000000E+02  0.2941250541978100E-06  0.2121172079640711E-07
  0.1770000000000000E+02  0.2879765278904509E-06  0.2074648882041785E-07
  0.1775000000000000E+02  0.2819705291657760E-06  0.2029271176283383E-07
  0.1780000000000000E+02  0.2761034500102924E-06  0.1985007801283851E-07
  0.1785000000000000E+02  0.2703717811363069E-06  0.1941828517737798E-07
  0.1790000000000000E+02  0.2647721090784025E-06  0.1899703978783515E-07
  0.1795000000000000E+02  0.2593011133811976E-06  0.1858605701672619E-07
  0.1800000000000000E+02  0.2539555638753656E-06  0.1818506040404973E-07
  0.1805000000000000E+02  0.2487323180389671E-06  0.1779378159293348E-07
  0.1810000000000000E+02  0.2436283184412746E-06  0.1741196007423782E-07
  0.1815000000000000E+02  0.2386405902663542E-06  0.1703934293978914E-07
  0.1820000000000000E+02  0.2337662389137616E-06  0.1667568464392896E-07
  0.1825000000000000E+02  0.2290024476738160E-06  0.1632074677307659E-07
  0.1830000000000000E+02  0.2243464754749782E-06  0.1597429782301603E-07
  0.1835000000000000E+02  0.2197956547009702E-06  0.1563611298362793E-07
  0.1840000000000000E+02  0.2153473890753370E-06  0.1530597393079937E-07
  0.1845000000000000E+02  0.2109991516112415E-06  0.1498366862525418E-07
  0.1850000000000000E+02  0.2067484826243499E-06  0.1466899111805647E-07
  0.1855000000000000E+02  0.2025929878067469E-06  0.1436174136254957E-07
  0.1860000000000000E+02  0.1985303363598862E-06  0.1406172503250214E-07
  0.1865000000000000E+02  0.1945582591846492E-06  0.1376875334624159E-07
  0.1870000000000000E+02  0.1906745471266550E-06  0.1348264289656313E-07
  0.1875000000000000E+02  0.1868770492750272E-06  0.1320321548621197E-07
  0.1880000000000000E+02  0.1831636713128775E-06  0.1293029796874225E-07
  0.1885000000000000E+02  0.1795323739178370E-06  0.1266372209456515E-07
  0.1890000000000000E+02  0.1759811712110138E-06  0.1240332436200497E-07
  0.1895000000000000E+02  0.1725081292528135E-06  0.1214894587318885E-07
  0.1900000000000000E+02  0.1691113645841141E-06  0.1190043219460274E-07
  0.1905000000000000E+02  0.1657890428113375E-06  0.1165763322215202E-07
  0.1910000000000000E+02  0.1625393772340050E-06  0.1142040305057125E-07
  0.1915000000000000E+02  0.1593606275134187E-06  0.1118859984703366E-07
  0.1920000000000000E+02  0.1562510983811491E-06  0.1096208572881636E-07
  0.1925000000000000E+02  0.1532091383860670E-06  0.1074072664488222E-07
  0.1930000000000000E+02  0.1502331386786791E-06  0.1052439226124477E-07
  0.1935000000000000E+02  0.1473215318315884E-06  0.1031295584998787E-07
  0.1940000000000000E+02  0.1444727906949349E-06  0.1010629418181535E-07
  0.1945000000000000E+02  0.1416854272856989E-06  0.9904287422011630E-08
  0.1950000000000000E+02  0.1389579917098057E-06  0.9706819029697863E-08
  0.1955000000000000E+02  0.1362890711159913E-06  0.9513775660272844E-08
  0.1960000000000000E+02  0.1336772886804279E-06  0.9325047070931126E-08
  0.1965000000000000E+02  0.1311213026211463E-06  0.9140526029155944E-08
  0.1970000000000000E+02  0.1286198052413148E-06  0.8960108224086691E-08
  0.1975000000000000E+02  0.1261715220004790E-06  0.8783692180665719E-08
  0.1980000000000000E+02  0.1237752106128782E-06  0.8611179176471525E-08
  0.1985000000000000E+02  0.1214296601720027E-06  0.8442473161149210E-08
  0.1990000000000000E+02  0.1191336903005719E-06  0.8277480678352408E-08
  0.1995000000000000E+02  0.1168861503251420E-06  0.8116110790113281E-08
  0.2000000000000000E+02  0.1146859184745853E-06  0.7958275003561033E-08
  0.2014000000000000E+02  0.1087677437720598E-06  0.7534411968293724E-08
  0.2028000000000000E+02  0.1031891194066709E-06  0.7135794622295524E-08
  0.2042000000000000E+02  0.9792871234648169E-07  0.6760756834488049E-08
  0.2056000000000000E+02  0.9296663636108480E-07  0.6407752902000387E-08
  0.2070000000000000E+02  0.8828434718567379E-07  0.6075348162124636E-08
  0.2084000000000000E+02  0.8386454576967981E-07  0.5762210381872205E-08
  0.2098000000000000E+02  0.7969108894590550E-07  0.5467101857285140E-08
  0.2112000000000000E+02  0.7574890691416588E-07  0.5188872160898267E-08
  0.2126000000000000E+02  0.7202392698616877E-07  0.4926451481377662E-08
  0.2140000000000000E+02  0.6850300308622468E-07  0.4678844504445153E-08
  0.2154000000000000E+02  0.6517385054586366E-07  0.4445124788793008E-08
  0.2168000000000000E+02  0.6202498576994310E-07  0.4224429594848920E-08
  0.2182000000000000E+02  0.5904567038774687E-07  0.4015955128012533E-08
  0.2196000000000000E+02  0.5622585953526200E-07  0.3818952161392860E-08
  0.2210000000000000E+02  0.5355615394453706E-07  0.3632722006164127E-08
  0.2224000000000000E+02  0.5102775554311094E-07  0.3456612800460123E-08
  0.2238000000000000E+02  0.4863242629115267E-07  0.3290016090270085E-08
  0.2252000000000000E+02  0.4636245000643730E-07  0.3132363678109747E-08
  0.2266000000000000E+02  0.4421059694777373E-07  0.2983124717340405E-08
  0.2280000000000000E+02  0.4217009094621336E-07  0.2841803031918400E-08
  0.2294000000000000E+02  0.4023457889043470E-07  0.2707934643094760E-08
  0.2308000000000000E+02  0.3839810238830790E-07  0.2581085486165971E-08
  0.2322000000000000E+02  0.3665507144089274E-07  0.2460849301817728E-08
  0.2336000000000000E+02  0.3500023997817257E-07  0.2346845687916026E-08
  0.2350000000000000E+02  0.3342868311775248E-07  0.2238718298796704E-08
  0.2364000000000000E+02  0.3193577601868211E-07  0.2136133180196341E-08
  0.2378000000000000E+02  0.3051717421257150E-07  0.2038777228963217E-08
  0.2392000000000000E+02  0.2916879530334792E-07  0.1946356767596490E-08
  0.2406000000000000E+02  0.2788680193541676E-07  0.1858596224491978E-08
  0.2420000000000000E+02  0.2666758593771736E-07  0.1775236911531456E-08
  0.2434000000000000E+02  0.2550775355825806E-07  0.1696035891345687E-08
  0.2448000000000000E+02  0.2440411171023218E-07  0.1620764927214926E-08
  0.2462000000000000E+02  0.2335365515680911E-07  0.1549209509150233E-08
  0.2476000000000000E+02  0.2235355456720654E-07  0.1481167950228996E-08
  0.2490000000000000E+02  0.2140114538171965E-07  0.1416450547742983E-08
  0.2504000000000000E+02  0.2049391742805346E-07  0.1354878804161198E-08
  0.2518000000000000E+02  0.1962950523560732E-07  0.1296284703316253E-08
  0.2532000000000000E+02  0.1880567899831961E-07  0.1240510037594967E-08
  0.2546000000000000E+02  0.1802033614034181E-07  0.1187405782254879E-08
  0.2560000000000000E+02  0.1727149344217633E-07  0.1136831513300623E-08
  0.2574000000000000E+02  0.1655727968802775E-07  0.1088654865640216E-08
  0.2588000000000000E+02  0.1587592879798578E-07  0.1042751028503710E-08
  0.2602000000000000E+02  0.1522577341131298E-07  0.9990022753470590E-09
  0.2616000000000000E+02  0.1460523888955929E-07  0.9572975256845790E-09
  0.2630000000000000E+02  0.1401283771049052E-07  0.9175319364956608E-09
  0.2644000000000000E+02  0.1344716422591210E-07  0.8796065210369045E-09
  0.2658000000000000E+02  0.1290688975840598E-07  0.8434277930611081E-09
  0.2672000000000000E+02  0.1239075801378971E-07  0.8089074346007964E-09
  0.2686000000000000E+02  0.1189758078776566E-07  0.7759619856174212E-09
  0.2700000000000000E+02  0.1142623394676219E-07  0.7445125539490475E-09
  0.2714000000000000E+02  0.1097565366439077E-07  0.7144845441103172E-09
  0.2728000000000000E+02  0.1054483289625910E-07  0.6858074036095999E-09
  0.2742000000000000E+02  0.1013281807709976E-07  0.6584143855503085E-09
  0.2756000000000000E+02  0.9738706025304731E-08  0.6322423263772195E-09
  0.2770000000000000E+02  0.9361641041002796E-08  0.6072314377148932E-09
  0.2784000000000000E+02  0.9000812184789380E-08  0.5833251113245941E-09
  0.2798000000000000E+02  0.8655450725118039E-08  0.5604697362791117E-09
  0.2812000000000000E+02  0.8324827743198801E-08  0.5386145275219765E-09
  0.2826000000000000E+02  0.8008251885023672E-08  0.5177113650393700E-09
  0.2840000000000000E+02  0.7705067250858614E-08  0.4977146429299317E-09
  0.2854000000000000E+02  0.7414651413208855E-08  0.4785811277099987E-09
  0.2868000000000000E+02  0.7136413554884286E-08  0.4602698252401533E-09
  0.2882000000000000E+02  0.6869792719366618E-08  0.4427418557033562E-09
  0.2896000000000000E+02  0.6614256166214341E-08  0.4259603361060214E-09
  0.2910000000000000E+02  0.6369297824738035E-08  0.4098902698111493E-09
  0.2924000000000000E+02  0.6134436839638790E-08  0.3944984426475799E-09
  0.2938000000000000E+02  0.5909216202731591E-08  0.3797533251716067E-09
  0.2952000000000000E+02  0.5693201465272953E-08  0.3656249806869516E-09
  0.2966000000000000E+02  0.5485979525781853E-08  0.3520849786565693E-09
  0.2980000000000000E+02  0.5287157488587563E-08  0.3391063131651548E-09
  0.2994000000000000E+02  0.5096361588656980E-08  0.3266633261147012E-09
  0.3008000000000000E+02  0.4913236178551429E-08  0.3147316348571800E-09
  0.3022000000000000E+02  0.4737442773639957E-08  0.3032880639885290E-09
  0.3036000000000000E+02  0.4568659151952601E-08  0.2923105810467324E-09
  0.3050000000000000E+02  0.4406578505296981E-08  0.2817782358740396E-09
  0.3064000000000000E+02  0.4250908638484049E-08  0.2716711034193474E-09
  0.3078000000000000E+02  0.4101371213716072E-08  0.2619702297715913E-09
  0.3092000000000000E+02  0.3957701037382986E-08  0.2526575812287505E-09
  0.3106000000000000E+02  0.3819645386692918E-08  0.2437159962198366E-09
  0.3120000000000000E+02  0.3686963373729842E-08  0.2351291399090890E-09
  0.3134000000000000E+02  0.3559425344687488E-08  0.2268814613226256E-09
  0.3148000000000000E+02  0.3436812312173395E-08  0.2189581528480357E-09
  0.3162000000000000E+02  0.3318915418612796E-08  0.2113451119669312E-09
  0.3176000000000000E+02  0.3205535428907628E-08  0.2040289050893461E-09
  0.3190000000000000E+02  0.3096482250623972E-08  0.1969967333671226E-09
  0.3204000000000000E+02  0.2991574480090485E-08  0.1902364003711199E-09
  0.3218000000000000E+02  0.2890638972892879E-08  0.1837362815242563E-09
  0.3232000000000000E+02  0.2793510437344656E-08  0.1774852951890709E-09
  0.3246000000000000E+02  0.2700031049603541E-08  0.1714728753147371E-09
  0.3260000000000000E+02  0.2610050089185806E-08  0.1656889455542866E-09
  0.3274000000000000E+02  0.2523423593708487E-08  0.1601238947682263E-09
  0.3288000000000000E+02  0.2440014031761705E-08  0.1547685538358315E-09
  0.3302000000000000E+02  0.2359689992880973E-08  0.1496141737001301E-09
  0.3316000000000000E+02  0.2282325893652550E-08  0.1446524045770459E-09
  0.3330000000000000E+02  0.2207801699043899E-08  0.1398752762633163E-09
  0.3344000000000000E+02  0.2136002658106456E-08  0.1352751794816993E-09
  0.3358000000000000E+02  0.2066819053249578E-08  0.1308448482056106E-09
  0.3372000000000000E+02  0.2000145962332633E-08  0.1265773429087608E-09
  0.3386000000000000E+02  0.1935883032867493E-08  0.1224660346885438E-09
  0.3400000000000000E+02  0.1873934267665726E-08  0.1185045902149351E-09
  0.3414000000000000E+02  0.1814207821304467E-08  0.1146869574594639E-09
  0.3428000000000000E+02  0.1756615806821824E-08  0.1110073521614585E-09
  0.3442000000000000E+02  0.1701074112087384E-08  0.1074602449912424E-09
  0.3456000000000000E+02  0.1647502225325819E-08  0.1040403493722796E-09
  0.3470000000000000E+02  0.1595823069302021E-08  0.1007426099264451E-09
  0.3484000000000000E+02  0.1545962843704674E-08  0.9756219150865369E-10
  0.3498000000000000E+02  0.1497850875291908E-08  0.9449446879899633E-10
  0.3512000000000000E+02  0.1451419475387767E-08  0.9153501642234782E-10
  0.3526000000000000E+02  0.1406603804341736E-08  0.8867959956711331E-10
  0.3540000000000000E+02  0.1363341742585538E-08  0.8592416507637315E-10
  0.3554000000000000E+02  0.1321573767942327E-08  0.8326483298619822E-10
  0.3568000000000000E+02  0.1281242838862641E-08  0.8069788848732076E-10
  0.3582000000000000E+02  0.1242294283279880E-08  0.7821977428767821E-10
  0.3596000000000000E+02  0.1204675692795182E-08  0.7582708335460323E-10
  0.3610000000000000E+02  0.1168336821917723E-08  0.7351655201661381E-10
  0.3624000000000000E+02  0.1133229492101596E-08  0.7128505340586934E-10
  0.3638000000000000E+02  0.1099307500334734E-08  0.6912959122340746E-10
  0.3652000000000000E+02  0.1066526532048698E-08  0.6704729381026368E-10
  0.3666000000000000E+02  0.1034844078130802E-08  0.6503540850850397E-10
  0.3680000000000000E+02  0.1004219355831928E-08  0.6309129629708056E-10
  0.3694000000000000E+02  0.9746132333745459E-09  0.6121242668824626E-10
  0.3708000000000000E+02  0.9459881580759938E-09  0.5939637287103942E-10
  0.3722000000000000E+02  0.9183080878119871E-09  0.5764080708909229E-10
  0.3736000000000000E+02  0.8915384256546799E-09  0.5594349624070183E-10
  0.3750000000000000E+02  0.8656459575284126E-09  0.5430229768976172E-10
  0.3764000000000000E+02  0.8405987927345693E-09  0.5271515527676658E-10
  0.3778000000000000E+02  0.8163663072048145E-09  0.5118009551968417E-10
  0.3792000000000000E+02  0.7929190893493588E-09  0.4969522399503943E-10
  0.3806000000000000E+02  0.7702288883738999E-09  0.4825872189007291E-10
  0.3820000000000000E+02  0.7482685649454024E-09  0.4686884271732411E-10
  0.3834000000000000E+02  0.7270120440931875E-09  0.4552390918345556E-10
  0.3848000000000000E+02  0.7064342702375710E-09  0.4422231020456519E-10
  0.3862000000000000E+02  0.6865111642438855E-09  0.4296249806065003E-10
  0.3876000000000000E+02  0.6672195824049724E-09  0.4174298568227190E-10
  0.3890000000000000E+02  0.6485372772601066E-09  0.4056234406284266E-10
  0.3904000000000000E+02  0.6304428601630735E-09  0.3941919979029502E-10
  0.3918000000000000E+02  0.6129157655164862E-09  0.3831223269223228E-10
  0.3932000000000000E+02  0.5959362165936356E-09  0.3724017358895960E-10
  0.3946000000000000E+02  0.5794851928731200E-09  0.3620180214909418E-10
  0.3960000000000000E+02  0.5635443988152359E-09  0.3519594484272622E-10
  0.3974000000000000E+02  0.5480962340126703E-09  0.3422147298736652E-10
  0.3988000000000000E+02  0.5331237646513769E-09  0.3327730088216202E-10
  0.4002000000000000E+02  0.5186106962206941E-09  0.3236238402609603E-10
  0.4016000000000000E+02  0.5045413474147806E-09  0.3147571741610991E-10
  0.4030000000000000E+02  0.4909006251702833E-09  0.3061633392129338E-10
  0.4044000000000000E+02  0.4776740007878650E-09  0.2978330272948745E-10
  0.4058000000000000E+02  0.4648474870877665E-09  0.2897572786283186E-10
  0.4072000000000000E+02  0.4524076165519987E-09  0.2819274675896509E-10
  0.4086000000000000E+02  0.4403414204080877E-09  0.2743352891475449E-10
  0.4100000000000000E+02  0.4286364086114474E-09  0.2669727458959023E-10
  0.4114000000000000E+02  0.4172805506855344E-09  0.2598321356542868E-10
  0.4128000000000000E+02  0.4062622573809087E-09  0.2529060396091223E-10
  0.4142000000000000E+02  0.3955703631161707E-09  0.2461873109702711E-10
  0.4156000000000000E+02  0.3851941091655389E-09  0.2396690641188777E-10
  0.4170000000000000E+02  0.3751231275594795E-09  0.2333446642235821E-10
  0.4184000000000000E+02  0.3653474256664112E-09  0.2272077173033303E-10
  0.4198000000000000E+02  0.3558573714250292E-09  0.2212520607161079E-10
  0.4212000000000000E+02  0.3466436791982025E-09  0.2154717540539390E-10
  0.4226000000000000E+02  0.3376973962207933E-09  0.2098610704254663E-10
  0.4240000000000000E+02  0.3290098896150282E-09  0.2044144881083458E-10
  0.4254000000000000E+02  0.3205728339482832E-09  0.1991266825545666E-10
  0.4268000000000000E+02  0.3123781993093296E-09  0.1939925187326278E-10
  0.4282000000000000E+02  0.3044182398801852E-09  0.1890070437912922E-10
  0.4296000000000000E+02  0.2966854829817928E-09  0.1841654800303753E-10
  0.4310000000000000E+02  0.2891727185727357E-09  0.1794632181647381E-10
  0.4324000000000000E+02  0.2818729891811812E-09  0.1748958108683144E-10
  0.4338000000000000E+02  0.2747795802511301E-09  0.1704589665856422E-10
  0.4352000000000000E+02  0.2678860108849380E-09  0.1661485435989679E-10
  0.4366000000000000E+02  0.2611860249648938E-09  0.1619605443395629E-10
  0.4380000000000000E+02  0.2546735826374188E-09  0.1578911099324323E-10
  0.4394000000000000E+02  0.2483428521442099E-09  0.1539365149641152E-10
  0.4408000000000000E+02  0.2421882019853519E-09  0.1500931624637548E-10
  0.4422000000000000E+02  0.2362041934001163E-09  0.1463575790880872E-10
  0.4436000000000000E+02  0.2303855731517883E-09  0.1427264105014376E-10
  0.4450000000000000E+02  0.2247272666035032E-09  0.1391964169422229E-10
  0.4464000000000000E+02  0.2192243710726432E-09  0.1357644689678679E-10
  0.4478000000000000E+02  0.2138721494519063E-09  0.1324275433704100E-10
  0.4492000000000000E+02  0.2086660240856999E-09  0.1291827192554301E-10
  0.4506000000000000E+02  0.2036015708910096E-09  0.1260271742772865E-10
  0.4520000000000000E+02  0.1986745137123789E-09  0.1229581810239566E-10
  0.4534000000000000E+02  0.1938807189011022E-09  0.1199731035450891E-10
  0.4548000000000000E+02  0.1892161901091653E-09  0.1170693940171747E-10
  0.4562000000000000E+02  0.1846770632888898E-09  0.1142445895400095E-10
  0.4576000000000000E+02  0.1802596018896427E-09  0.1114963090589033E-10
  0.4590000000000000E+02  0.1759601922433393E-09  0.1088222504073205E-10
  0.4604000000000000E+02  0.1717753391308541E-09  0.1062201874648978E-10
  0.4618000000000000E+02  0.1677016615217697E-09  0.1036879674259968E-10
  0.4632000000000000E+02  0.1637358884802613E-09  0.1012235081741792E-10
  0.4646000000000000E+02  0.1598748552301962E-09  0.9882479575818703E-11
  0.4660000000000000E+02  0.1561154993728546E-09  0.9648988196521635E-11
  0.4674000000000000E+02  0.1524548572509488E-09  0.9421688198745513E-11
  0.4688000000000000E+02  0.1488900604529041E-09  0.9200397217803776E-11
  0.4702000000000000E+02  0.1454183324516175E-09  0.8984938789273470E-11
  0.4716000000000000E+02  0.1420369853721688E-09  0.8775142141386250E-11
  0.4730000000000000E+02  0.1387434168831909E-09  0.8570841995304922E-11
  0.4744000000000000E+02  0.1355351072068393E-09  0.8371878372964205E-11
  0.4758000000000000E+02  0.1324096162425168E-09  0.8178096412167923E-11
  0.4772000000000000E+02  0.1293645807997147E-09  0.7989346188648661E-11
  0.4786000000000000E+02  0.1263977119355382E-09  0.7805482544808322E-11
  0.4800000000000000E+02  0.1235067923926655E-09  0.7626364924870498E-11
  0.4808000000000000E+02  0.1218881086298711E-09  0.7526090306859838E-11
  0.4816000000000000E+02  0.1202931310933963E-09  0.7427296123933806E-11
  0.4824000000000000E+02  0.1187214758419528E-09  0.7329958060987441E-11
  0.4832000000000000E+02  0.1171727657829678E-09  0.7234052242418333E-11
  0.4840000000000000E+02  0.1156466305382527E-09  0.7139555223473686E-11
  0.4848000000000000E+02  0.1141427063125560E-09  0.7046443981781624E-11
  0.4856000000000000E+02  0.1126606357649250E-09  0.6954695909062285E-11
  0.4864000000000000E+02  0.1112000678828180E-09  0.6864288803014835E-11
  0.4872000000000000E+02  0.1097606578589020E-09  0.6775200859376175E-11
  0.4880000000000000E+02  0.1083420669704689E-09  0.6687410664147603E-11
  0.4888000000000000E+02  0.1069439624614200E-09  0.6600897185985520E-11
  0.4896000000000000E+02  0.1055660174267517E-09  0.6515639768752536E-11
  0.4904000000000000E+02  0.1042079106994860E-09  0.6431618124225194E-11
  0.4912000000000000E+02  0.1028693267399961E-09  0.6348812324955014E-11
  0.4920000000000000E+02  0.1015499555276643E-09  0.6267202797279114E-11
  0.4928000000000000E+02  0.1002494924548246E-09  0.6186770314477339E-11
  0.4936000000000000E+02  0.9896763822293491E-10  0.6107495990072254E-11
  0.4944000000000000E+02  0.9770409874093049E-10  0.6029361271269174E-11
  0.4952000000000000E+02  0.9645858502570722E-10  0.5952347932532757E-11
  0.4960000000000000E+02  0.9523081310468741E-10  0.5876438069297316E-11
  0.4968000000000000E+02  0.9402050392042041E-10  0.5801614091807767E-11
  0.4976000000000000E+02  0.9282738323717159E-10  0.5727858719088280E-11
  0.4984000000000000E+02  0.9165118154945780E-10  0.5655154973035911E-11
  0.4992000000000000E+02  0.9049163399248084E-10  0.5583486172636279E-11
  0.5000000000000000E+02  0.8934848025441886E-10  0.5512835928298660E-11
  0.5008000000000000E+02  0.8822146449053444E-10  0.5443188136307834E-11
  0.5016000000000000E+02  0.8711033523905716E-10  0.5374526973390120E-11
  0.5024000000000000E+02  0.8601484533880080E-10  0.5306836891391028E-11
  0.5032000000000000E+02  0.8493475184847866E-10  0.5240102612062119E-11
  0.5040000000000000E+02  0.8386981596767470E-10  0.5174309121954589E-11
  0.5048000000000000E+02  0.8281980295943875E-10  0.5109441667417330E-11
  0.5056000000000000E+02  0.8178448207446537E-10  0.5045485749697075E-11
  0.5064000000000000E+02  0.8076362647682382E-10  0.4982427120138486E-11
  0.5072000000000000E+02  0.7975701317120274E-10  0.4920251775481846E-11
  0.5080000000000000E+02  0.7876442293163773E-10  0.4858945953256408E-11
  0.5088000000000000E+02  0.7778564023168747E-10  0.4798496127267177E-11
  0.5096000000000000E+02  0.7682045317602746E-10  0.4738889003173113E-11
  0.5104000000000000E+02  0.7586865343342945E-10  0.4680111514154814E-11
  0.5112000000000000E+02  0.7493003617109598E-10  0.4622150816669669E-11
  0.5120000000000000E+02  0.7400439999032064E-10  0.4564994286292633E-11
  0.5128000000000000E+02  0.7309154686344573E-10  0.4508629513640757E-11
  0.5136000000000000E+02  0.7219128207208528E-10  0.4453044300379603E-11
  0.5144000000000000E+02  0.7130341414659095E-10  0.4398226655309880E-11
  0.5152000000000000E+02  0.7042775480672993E-10  0.4344164790532479E-11
  0.5160000000000000E+02  0.6956411890354884E-10  0.4290847117690307E-11
  0.5168000000000000E+02  0.6871232436239884E-10  0.4238262244285093E-11
  0.5176000000000000E+02  0.6787219212709724E-10  0.4186398970067829E-11
  0.5184000000000000E+02  0.6704354610519753E-10  0.4135246283501003E-11
  0.5192000000000000E+02  0.6622621311434887E-10  0.4084793358291278E-11
  0.5200000000000000E+02  0.6542002282971626E-10  0.4035029549990941E-11
  0.5208000000000000E+02  0.6462480773244251E-10  0.3985944392666846E-11
  0.5216000000000000E+02  0.6384040305912745E-10  0.3937527595635242E-11
  0.5224000000000000E+02  0.6306664675230264E-10  0.3889769040261179E-11
  0.5232000000000000E+02  0.6230337941188125E-10  0.3842658776821104E-11
  0.5240000000000000E+02  0.6155044424756039E-10  0.3796187021427268E-11
  0.5248000000000000E+02  0.6080768703215742E-10  0.3750344153012689E-11
  0.5256000000000000E+02  0.6007495605585839E-10  0.3705120710375370E-11
  0.5264000000000000E+02  0.5935210208136122E-10  0.3660507389280473E-11
  0.5272000000000000E+02  0.5863897829989188E-10  0.3616495039619324E-11
  0.5280000000000000E+02  0.5793544028807766E-10  0.3573074662623959E-11
  0.5288000000000000E+02  0.5724134596565774E-10  0.3530237408136089E-11
  0.5296000000000000E+02  0.5655655555401325E-10  0.3487974571929359E-11
  0.5304000000000000E+02  0.5588093153550078E-10  0.3446277593083709E-11
  0.5312000000000000E+02  0.5521433861357007E-10  0.3405138051410836E-11
  0.5320000000000000E+02  0.5455664367365227E-10  0.3364547664929649E-11
  0.5328000000000000E+02  0.5390771574479995E-10  0.3324498287390648E-11
  0.5336000000000000E+02  0.5326742596206410E-10  0.3284981905848256E-11
  0.5344000000000000E+02  0.5263564752959326E-10  0.3245990638280062E-11
  0.5352000000000000E+02  0.5201225568443792E-10  0.3207516731252046E-11
  0.5360000000000000E+02  0.5139712766104788E-10  0.3169552557628801E-11
  0.5368000000000000E+02  0.5079014265644550E-10  0.3132090614327805E-11
  0.5376000000000000E+02  0.5019118179606242E-10  0.3095123520116881E-11
  0.5384000000000000E+02  0.4960012810022571E-10  0.3058644013453914E-11
  0.5392000000000000E+02  0.4901686645127957E-10  0.3022644950367971E-11
  0.5400000000000000E+02  0.4844128356132935E-10  0.2987119302380954E-11
  0.5408000000000000E+02  0.4787326794059531E-10  0.2952060154468974E-11
  0.5416000000000000E+02  0.4731270986636398E-10  0.2917460703062608E-11
  0.5424000000000000E+02  0.4675950135252326E-10  0.2883314254085287E-11
  0.5432000000000000E+02  0.4621353611967125E-10  0.2849614221028970E-11
  0.5440000000000000E+02  0.4567470956578521E-10  0.2816354123066367E-11
  0.5448000000000000E+02  0.4514291873744019E-10  0.2783527583199010E-11
  0.5456000000000000E+02  0.4461806230156632E-10  0.2751128326440368E-11
  0.5464000000000000E+02  0.4410004051773256E-10  0.2719150178033360E-11
  0.5472000000000000E+02  0.4358875521094697E-10  0.2687587061701489E-11
  0.5480000000000000E+02  0.4308410974496348E-10  0.2656432997933013E-11
  0.5488000000000000E+02  0.4258600899608361E-10  0.2625682102297396E-11
  0.5496000000000000E+02  0.4209435932744409E-10  0.2595328583793446E-11
  0.5504000000000000E+02  0.4160906856378013E-10  0.2565366743228441E-11
  0.5512000000000000E+02  0.4113004596665468E-10  0.2535790971627687E-11
  0.5520000000000000E+02  0.4065720221014463E-10  0.2506595748673850E-11
  0.5528000000000000E+02  0.4019044935697433E-10  0.2477775641175474E-11
  0.5536000000000000E+02  0.3972970083508757E-10  0.2449325301564072E-11
  0.5544000000000000E+02  0.3927487141464975E-10  0.2421239466419294E-11
  0.5552000000000000E+02  0.3882587718547008E-10  0.2393512955021508E-11
  0.5560000000000000E+02  0.3838263553483790E-10  0.2366140667931346E-11
  0.5568000000000000E+02  0.3794506512576221E-10  0.2339117585595571E-11
  0.5576000000000000E+02  0.3751308587560810E-10  0.2312438766978853E-11
  0.5584000000000000E+02  0.3708661893512193E-10  0.2286099348220834E-11
  0.5592000000000000E+02  0.3666558666783675E-10  0.2260094541318064E-11
  0.5600000000000000E+02  0.3624991262985133E-10  0.2234419632830255E-11
  0.5608000000000000E+02  0.3583952154997497E-10  0.2209069982610394E-11
  0.5616000000000000E+02  0.3543433931023115E-10  0.2184041022558257E-11
  0.5624000000000000E+02  0.3503429292671218E-10  0.2159328255396821E-11
  0.5632000000000000E+02  0.3463931053077938E-10  0.2134927253471182E-11
  0.5640000000000000E+02  0.3424932135060036E-10  0.2110833657569461E-11
  0.5648000000000000E+02  0.3386425569301813E-10  0.2087043175765326E-11
  0.5656000000000000E+02  0.3348404492574458E-10  0.2063551582281692E-11
  0.5664000000000000E+02  0.3310862145987305E-10  0.2040354716375152E-11
  0.5672000000000000E+02  0.3273791873270225E-10  0.2017448481240774E-11
  0.5680000000000000E+02  0.3237187119086740E-10  0.1994828842936834E-11
  0.5688000000000000E+02  0.3201041427377071E-10  0.1972491829329120E-11
  0.5696000000000000E+02  0.3165348439730692E-10  0.1950433529054405E-11
  0.5704000000000000E+02  0.3130101893787705E-10  0.1928650090502725E-11
  0.5712000000000000E+02  0.3095295621668586E-10  0.1907137720818097E-11
  0.5720000000000000E+02  0.3060923548431646E-10  0.1885892684917318E-11
  0.5728000000000000E+02  0.3026979690557790E-10  0.1864911304526483E-11
  0.5736000000000000E+02  0.2993458154461897E-10  0.1844189957234897E-11
  0.5744000000000000E+02  0.2960353135030509E-10  0.1823725075566032E-11
  0.5752000000000000E+02  0.2927658914185125E-10  0.1803513146065203E-11
  0.5760000000000000E+02  0.2895369859470780E-10  0.1783550708403644E-11
  0.5768000000000000E+02  0.2863480422669273E-10  0.1763834354498648E-11
  0.5776000000000000E+02  0.2831985138436742E-10  0.1744360727649500E-11
  0.5784000000000000E+02  0.2800878622964948E-10  0.1725126521688861E-11
  0.5792000000000000E+02  0.2770155572665975E-10  0.1706128480149333E-11
  0.5800000000000000E+02  0.2739810762879776E-10  0.1687363395444890E-11
  0.5808000000000000E+02  0.2709839046604234E-10  0.1668828108066913E-11
  0.5816000000000000E+02  0.2680235353247255E-10  0.1650519505794548E-11
  0.5824000000000000E+02  0.2650994687400463E-10  0.1632434522919087E-11
  0.5832000000000000E+02  0.2622112127634192E-10  0.1614570139482140E-11
  0.5840000000000000E+02  0.2593582825313214E-10  0.1596923380527312E-11
  0.5848000000000000E+02  0.2565402003432973E-10  0.1579491315365137E-11
  0.5856000000000000E+02  0.2537564955475846E-10  0.1562271056851006E-11
  0.5864000000000000E+02  0.2510067044287097E-10  0.1545259760675881E-11
  0.5872000000000000E+02  0.2482903700970113E-10  0.1528454624669486E-11
  0.5880000000000000E+02  0.2456070423800642E-10  0.1511852888115801E-11
  0.5888000000000000E+02  0.2429562777159592E-10  0.1495451831080597E-11
  0.5896000000000000E+02  0.2403376390484121E-10  0.1479248773750794E-11
  0.5904000000000000E+02  0.2377506957236615E-10  0.1463241075785405E-11
  0.5912000000000000E+02  0.2351950233891278E-10  0.1447426135677865E-11
  0.5920000000000000E+02  0.2326702038937980E-10  0.1431801390129532E-11
  0.5928000000000000E+02  0.2301758251903053E-10  0.1416364313434132E-11
  0.5936000000000000E+02  0.2277114812386711E-10  0.1401112416872955E-11
  0.5944000000000000E+02  0.2252767719116819E-10  0.1386043248120607E-11
  0.5952000000000000E+02  0.2228713029018669E-10  0.1371154390661106E-11
  0.5960000000000000E+02  0.2204946856300532E-10  0.1356443463214145E-11
  0.5968000000000000E+02  0.2181465371554612E-10  0.1341908119171309E-11
  0.5976000000000000E+02  0.2158264800873196E-10  0.1327546046042091E-11
  0.5984000000000000E+02  0.2135341424979713E-10  0.1313354964909496E-11
  0.5992000000000000E+02  0.2112691578374365E-10  0.1299332629895084E-11
  0.6000000000000000E+02  0.2090311648494178E-10  0.1285476827633245E-11
  0.6008000000000000E+02  0.2068198074887086E-10  0.1271785376754552E-11
  0.6016000000000000E+02  0.2046347348399912E-10  0.1258256127378033E-11
  0.6024000000000000E+02  0.2024756010379907E-10  0.1244886960612185E-11
  0.6032000000000000E+02  0.2003420651889649E-10  0.1231675788064563E-11
  0.6040000000000000E+02  0.1982337912935043E-10  0.1218620551359796E-11
  0.6048000000000000E+02  0.1961504481706204E-10  0.1205719221665877E-11
  0.6056000000000000E+02  0.1940917093830963E-10  0.1192969799228567E-11
  0.6064000000000000E+02  0.1920572531640814E-10  0.1180370312913767E-11
  0.6072000000000000E+02  0.1900467623449016E-10  0.1167918819757714E-11
  0.6080000000000000E+02  0.1880599242840709E-10  0.1155613404524850E-11
  0.6088000000000000E+02  0.1860964307974751E-10  0.1143452179273237E-11
  0.6096000000000000E+02  0.1841559780897157E-10  0.1131433282927370E-11
  0.6104000000000000E+02  0.1822382666865835E-10  0.1119554880858251E-11
  0.6112000000000000E+02  0.1803430013686491E-10  0.1107815164470597E-11
  0.6120000000000000E+02  0.1784698911059489E-10  0.1096212350797059E-11
  0.6128000000000000E+02  0.1766186489937442E-10  0.1084744682099306E-11
  0.6136000000000000E+02  0.1747889921893389E-10  0.1073410425475865E-11
  0.6144000000000000E+02  0.1729806418499332E-10  0.1062207872476584E-11
  0.6152000000000000E+02  0.1711933230714994E-10  0.1051135338723616E-11
  0.6160000000000000E+02  0.1694267648286554E-10  0.1040191163538777E-11
  0.6168000000000000E+02  0.1676806999155260E-10  0.1029373709577189E-11
  0.6176000000000000E+02  0.1659548648875675E-10  0.1018681362467076E-11
  0.6184000000000000E+02  0.1642490000043452E-10  0.1008112530455625E-11
  0.6192000000000000E+02  0.1625628491732424E-10  0.9976656440607699E-12
  0.6200000000000000E+02  0.1608961598940860E-10  0.9873391557288225E-12
  0.6208000000000000E+02  0.1592486832046740E-10  0.9771315394978286E-12
  0.6216000000000000E+02  0.1576201736271871E-10  0.9670412906665474E-12
  0.6224000000000000E+02  0.1560103891154715E-10  0.9570669254689623E-12
  0.6232000000000000E+02  0.1544190910031751E-10  0.9472069807542179E-12
  0.6240000000000000E+02  0.1528460439527245E-10  0.9374600136718792E-12
  0.6248000000000000E+02  0.1512910159051261E-10  0.9278246013624341E-12
  0.6256000000000000E+02  0.1497537780305797E-10  0.9182993406529300E-12
  0.6264000000000000E+02  0.1482341046798892E-10  0.9088828477576678E-12
  0.6272000000000000E+02  0.1467317733366547E-10  0.8995737579838417E-12
  0.6280000000000000E+02  0.1452465645702358E-10  0.8903707254420627E-12
  0.6288000000000000E+02  0.1437782619894722E-10  0.8812724227616622E-12
  0.6296000000000000E+02  0.1423266521971464E-10  0.8722775408106942E-12
  0.6304000000000000E+02  0.1408915247451777E-10  0.8633847884205522E-12
  0.6312000000000000E+02  0.1394726720905349E-10  0.8545928921151232E-12
  0.6320000000000000E+02  0.1380698895518541E-10  0.8459005958443942E-12
  0.6328000000000000E+02  0.1366829752667523E-10  0.8373066607224420E-12
  0.6336000000000000E+02  0.1353117301498201E-10  0.8288098647697030E-12
  0.6344000000000000E+02  0.1339559578512881E-10  0.8204090026594849E-12
  0.6352000000000000E+02  0.1326154647163495E-10  0.8121028854686148E-12
  0.6360000000000000E+02  0.1312900597451330E-10  0.8038903404321698E-12
  0.6368000000000000E+02  0.1299795545533102E-10  0.7957702107022015E-12
  0.6376000000000000E+02  0.1286837633333317E-10  0.7877413551104054E-12
  0.6384000000000000E+02  0.1274025028162755E-10  0.7798026479346429E-12
  0.6392000000000000E+02  0.1261355922343031E-10  0.7719529786692712E-12
  0.6400000000000000E+02  0.1248828532837090E-10  0.7641912517991935E-12
