         #eta                 varrho1                 varrho2
  0.0000000000000000E+00  0.9163961067108567E-02  0.2710448348738737E+01
  0.1000000000000000E-04  0.9163961067078700E-02  0.2710448344888514E+01
  0.2000000000000000E-04  0.9163961066566254E-02  0.2710448333338983E+01
  0.3000000000000000E-04  0.9163961065880567E-02  0.2710448314089641E+01
  0.4000000000000000E-04  0.9163961064838477E-02  0.2710448287140016E+01
  0.5000000000000000E-04  0.9163961063496921E-02  0.2710448252490371E+01
  0.6000000000000000E-04  0.9163961062039013E-02  0.2710448210140877E+01
  0.6999999999999999E-04  0.9163961060268512E-02  0.2710448160091971E+01
  0.8000000000000001E-04  0.9163961058154629E-02  0.2710448102343406E+01
  0.9000000000000001E-04  0.9163961055741219E-02  0.2710448036894661E+01
  0.1000000000000000E-03  0.9163961053028148E-02  0.2710447963746153E+01
  0.1100000000000000E-03  0.9163961050072347E-02  0.2710447882897919E+01
  0.1200000000000000E-03  0.9163961046873762E-02  0.2710447794348776E+01
  0.1300000000000000E-03  0.9163961043318944E-02  0.2710447698101755E+01
  0.1400000000000000E-03  0.9163961039534114E-02  0.2710447594153114E+01
  0.1500000000000000E-03  0.9163961035493818E-02  0.2710447482506121E+01
  0.1600000000000000E-03  0.9163961031109814E-02  0.2710447363158361E+01
  0.1700000000000000E-03  0.9163961026483040E-02  0.2710447236110847E+01
  0.1800000000000000E-03  0.9163961021499941E-02  0.2710447101363722E+01
  0.1900000000000000E-03  0.9163961016400463E-02  0.2710446958916511E+01
  0.2000000000000000E-03  0.9163961010931886E-02  0.2710446808769897E+01
  0.2100000000000000E-03  0.9163961005220437E-02  0.2710446650923255E+01
  0.2200000000000000E-03  0.9163960999108735E-02  0.2710446485376347E+01
  0.2300000000000000E-03  0.9163960992754214E-02  0.2710446312129875E+01
  0.2400000000000000E-03  0.9163960986100093E-02  0.2710446131184000E+01
  0.2500000000000000E-03  0.9163960979216203E-02  0.2710445942538068E+01
  0.2600000000000000E-03  0.9163960972120789E-02  0.2710445746192041E+01
  0.2700000000000000E-03  0.9163960964751396E-02  0.2710445542146601E+01
  0.2800000000000000E-03  0.9163960957025289E-02  0.2710445330400641E+01
  0.2900000000000000E-03  0.9163960948873489E-02  0.2710445110955372E+01
  0.3000000000000000E-03  0.9163960940718974E-02  0.2710444883810339E+01
  0.3100000000000000E-03  0.9163960932094286E-02  0.2710444648965620E+01
  0.3200000000000000E-03  0.9163960923283927E-02  0.2710444406420654E+01
  0.3300000000000000E-03  0.9163960914117038E-02  0.2710444156176133E+01
  0.3400000000000000E-03  0.9163960904833832E-02  0.2710443898232029E+01
  0.3500000000000000E-03  0.9163960895067783E-02  0.2710443632587195E+01
  0.3600000000000000E-03  0.9163960885128591E-02  0.2710443359243527E+01
  0.3700000000000000E-03  0.9163960874706780E-02  0.2710443078199887E+01
  0.3800000000000000E-03  0.9163960864168453E-02  0.2710442789456456E+01
  0.3900000000000000E-03  0.9163960853387557E-02  0.2710442493013005E+01
  0.4000000000000000E-03  0.9163960842477687E-02  0.2710442188870161E+01
  0.4100000000000000E-03  0.9163960830996441E-02  0.2710441877027279E+01
  0.4200000000000000E-03  0.9163960819316832E-02  0.2710441557484122E+01
  0.4300000000000000E-03  0.9163960807394567E-02  0.2710441230241022E+01
  0.4400000000000000E-03  0.9163960795128556E-02  0.2710440895299115E+01
  0.4500000000000000E-03  0.9163960782733372E-02  0.2710440552657076E+01
  0.4600000000000000E-03  0.9163960769868269E-02  0.2710440202315576E+01
  0.4700000000000000E-03  0.9163960756930921E-02  0.2710439844273424E+01
  0.4800000000000000E-03  0.9163960743523446E-02  0.2710439478532218E+01
  0.4900000000000000E-03  0.9163960729930150E-02  0.2710439105091515E+01
  0.5000000000000000E-03  0.9163960715866759E-02  0.2710438723950735E+01
  0.5100000000000000E-03  0.9163960701788147E-02  0.2710438335109890E+01
  0.5200000000000000E-03  0.9163960687422517E-02  0.2710437938569422E+01
  0.5300000000000000E-03  0.9163960672473173E-02  0.2710437534329012E+01
  0.5400000000000000E-03  0.9163960657438837E-02  0.2710437122389190E+01
  0.5500000000000000E-03  0.9163960642118036E-02  0.2710436702749737E+01
  0.5600000000000000E-03  0.9163960626610929E-02  0.2710436275410359E+01
  0.5700000000000000E-03  0.9163960610804475E-02  0.2710435840370934E+01
  0.5800000000000000E-03  0.9163960594641501E-02  0.2710435397632049E+01
  0.5900000000000000E-03  0.9163960578179125E-02  0.2710434947193448E+01
  0.5999999999999999E-03  0.9163960561360308E-02  0.2710434489055151E+01
  0.6100000000000000E-03  0.9163960544355766E-02  0.2710434023217024E+01
  0.6200000000000000E-03  0.9163960527234602E-02  0.2710433549679180E+01
  0.6300000000000000E-03  0.9163960509573956E-02  0.2710433068442673E+01
  0.6400000000000001E-03  0.9163960491796897E-02  0.2710432579504944E+01
  0.6500000000000000E-03  0.9163960473594118E-02  0.2710432082867773E+01
  0.6600000000000000E-03  0.9163960455218004E-02  0.2710431578531171E+01
  0.6700000000000000E-03  0.9163960436485326E-02  0.2710431066495261E+01
  0.6800000000000000E-03  0.9163960417510157E-02  0.2710430546759454E+01
  0.6900000000000000E-03  0.9163960398222776E-02  0.2710430019323221E+01
  0.7000000000000000E-03  0.9163960378648401E-02  0.2710429484188476E+01
  0.7100000000000000E-03  0.9163960359128320E-02  0.2710428941353106E+01
  0.7200000000000000E-03  0.9163960338771756E-02  0.2710428390818824E+01
  0.7300000000000000E-03  0.9163960318595600E-02  0.2710427832584761E+01
  0.7400000000000000E-03  0.9163960297879917E-02  0.2710427266650394E+01
  0.7500000000000000E-03  0.9163960276978408E-02  0.2710426693017676E+01
  0.7600000000000000E-03  0.9163960255890880E-02  0.2710426111683299E+01
  0.7700000000000000E-03  0.9163960234276678E-02  0.2710425522651045E+01
  0.7800000000000000E-03  0.9163960212489121E-02  0.2710424925918280E+01
  0.7900000000000000E-03  0.9163960190446288E-02  0.2710424321487049E+01
  0.8000000000000000E-03  0.9163960168230158E-02  0.2710423709354785E+01
  0.8100000000000000E-03  0.9163960145360847E-02  0.2710423089523478E+01
  0.8200000000000000E-03  0.9163960122602391E-02  0.2710422461992920E+01
  0.8300000000000000E-03  0.9163960099418243E-02  0.2710421826761925E+01
  0.8400000000000000E-03  0.9163960076003917E-02  0.2710421183831642E+01
  0.8500000000000000E-03  0.9163960052220635E-02  0.2710420533202665E+01
  0.8600000000000000E-03  0.9163960028207106E-02  0.2710419874872779E+01
  0.8700000000000000E-03  0.9163960003767955E-02  0.2710419208842922E+01
  0.8800000000000000E-03  0.9163959979325936E-02  0.2710418535115129E+01
  0.8899999999999999E-03  0.9163959954470786E-02  0.2710417853686911E+01
  0.9000000000000000E-03  0.9163959929246438E-02  0.2710417164559592E+01
  0.9100000000000000E-03  0.9163959903906003E-02  0.2710416467732557E+01
  0.9200000000000000E-03  0.9163959878196222E-02  0.2710415763205352E+01
  0.9300000000000001E-03  0.9163959852142751E-02  0.2710415050979748E+01
  0.9400000000000000E-03  0.9163959826073990E-02  0.2710414331053310E+01
  0.9500000000000000E-03  0.9163959799408832E-02  0.2710413603428170E+01
  0.9600000000000000E-03  0.9163959772570495E-02  0.2710412868103504E+01
  0.9700000000000001E-03  0.9163959745419930E-02  0.2710412125078998E+01
  0.9800000000000000E-03  0.9163959718152970E-02  0.2710411374354720E+01
  0.9900000000000000E-03  0.9163959690346477E-02  0.2710410615931361E+01
  0.1000000000000000E-02  0.9163959662480514E-02  0.2710409849808192E+01
  0.1010000000000000E-02  0.9163959634245374E-02  0.2710409075986481E+01
  0.1020000000000000E-02  0.9163959605780318E-02  0.2710408294464031E+01
  0.1030000000000000E-02  0.9163959576889185E-02  0.2710407505243126E+01
  0.1040000000000000E-02  0.9163959547812267E-02  0.2710406708322230E+01
  0.1050000000000000E-02  0.9163959518435950E-02  0.2710405903701646E+01
  0.1060000000000000E-02  0.9163959488943146E-02  0.2710405091381375E+01
  0.1070000000000000E-02  0.9163959458967533E-02  0.2710404271362743E+01
  0.1080000000000000E-02  0.9163959428806155E-02  0.2710403443643732E+01
  0.1090000000000000E-02  0.9163959398288311E-02  0.2710402608226104E+01
  0.1100000000000000E-02  0.9163959367571955E-02  0.2710401765108287E+01
  0.1110000000000000E-02  0.9163959336467657E-02  0.2710400914291957E+01
  0.1120000000000000E-02  0.9163959305152382E-02  0.2710400055775485E+01
  0.1130000000000000E-02  0.9163959273550029E-02  0.2710399189559212E+01
  0.1140000000000000E-02  0.9163959241704961E-02  0.2710398315645032E+01
  0.1150000000000000E-02  0.9163959209434079E-02  0.2710397434030540E+01
  0.1160000000000000E-02  0.9163959177103706E-02  0.2710396544715906E+01
  0.1170000000000000E-02  0.9163959144290530E-02  0.2710395647703071E+01
  0.1180000000000000E-02  0.9163959111291548E-02  0.2710394742990294E+01
  0.1190000000000000E-02  0.9163959077992832E-02  0.2710393830578786E+01
  0.1200000000000000E-02  0.9163959044394883E-02  0.2710392910467400E+01
  0.1210000000000000E-02  0.9163959010553896E-02  0.2710391982656849E+01
  0.1220000000000000E-02  0.9163958976413518E-02  0.2710391047146828E+01
  0.1230000000000000E-02  0.9163958942017866E-02  0.2710390103938219E+01
  0.1240000000000000E-02  0.9163958907448835E-02  0.2710389153029013E+01
  0.1250000000000000E-02  0.9163958872340325E-02  0.2710388194421000E+01
  0.1260000000000000E-02  0.9163958837102817E-02  0.2710387228114286E+01
  0.1270000000000000E-02  0.9163958801508856E-02  0.2710386254107618E+01
  0.1280000000000000E-02  0.9163958765842698E-02  0.2710385272401927E+01
  0.1290000000000000E-02  0.9163958729706529E-02  0.2710384282996908E+01
  0.1300000000000000E-02  0.9163958693441322E-02  0.2710383285893025E+01
  0.1310000000000000E-02  0.9163958656579724E-02  0.2710382281089920E+01
  0.1320000000000000E-02  0.9163958619702770E-02  0.2710381268587213E+01
  0.1330000000000000E-02  0.9163958582469430E-02  0.2710380248384818E+01
  0.1340000000000000E-02  0.9163958544936478E-02  0.2710379220484592E+01
  0.1350000000000000E-02  0.9163958507160822E-02  0.2710378184883448E+01
  0.1360000000000000E-02  0.9163958469129900E-02  0.2710377141584568E+01
  0.1370000000000000E-02  0.9163958430685588E-02  0.2710376090585716E+01
  0.1380000000000000E-02  0.9163958392125027E-02  0.2710375031887528E+01
  0.1390000000000000E-02  0.9163958353195396E-02  0.2710373965490542E+01
  0.1400000000000000E-02  0.9163958314124237E-02  0.2710372891394115E+01
  0.1410000000000000E-02  0.9163958274481746E-02  0.2710371809599413E+01
  0.1420000000000000E-02  0.9163958234868076E-02  0.2710370720104483E+01
  0.1430000000000000E-02  0.9163958194841355E-02  0.2710369622910709E+01
  0.1440000000000000E-02  0.9163958154401214E-02  0.2710368518017541E+01
  0.1450000000000000E-02  0.9163958114002599E-02  0.2710367405425927E+01
  0.1460000000000000E-02  0.9163958073007739E-02  0.2710366285135393E+01
  0.1470000000000000E-02  0.9163958031940748E-02  0.2710365157145418E+01
  0.1480000000000000E-02  0.9163957990403329E-02  0.2710364021455869E+01
  0.1490000000000000E-02  0.9163957948554100E-02  0.2710362878068224E+01
  0.1500000000000000E-02  0.9163957906701967E-02  0.2710361726980759E+01
  0.1510000000000000E-02  0.9163957864411345E-02  0.2710360568194650E+01
  0.1520000000000000E-02  0.9163957821833980E-02  0.2710359401709638E+01
  0.1530000000000000E-02  0.9163957779013677E-02  0.2710358227524741E+01
  0.1540000000000000E-02  0.9163957735938057E-02  0.2710357045641511E+01
  0.1550000000000000E-02  0.9163957692562823E-02  0.2710355856059815E+01
  0.1560000000000000E-02  0.9163957648761781E-02  0.2710354658778110E+01
  0.1570000000000000E-02  0.9163957604787647E-02  0.2710353453797391E+01
  0.1580000000000000E-02  0.9163957560545256E-02  0.2710352241118879E+01
  0.1590000000000000E-02  0.9163957516016235E-02  0.2710351020740148E+01
  0.1600000000000000E-02  0.9163957471301276E-02  0.2710349792663796E+01
  0.1610000000000000E-02  0.9163957426217189E-02  0.2710348556887169E+01
  0.1620000000000000E-02  0.9163957380877677E-02  0.2710347313412560E+01
  0.1630000000000000E-02  0.9163957335137689E-02  0.2710346062238803E+01
  0.1640000000000000E-02  0.9163957289255949E-02  0.2710344803365880E+01
  0.1650000000000000E-02  0.9163957243062369E-02  0.2710343536793867E+01
  0.1660000000000000E-02  0.9163957196524609E-02  0.2710342262523464E+01
  0.1670000000000000E-02  0.9163957149662120E-02  0.2710340980553999E+01
  0.1680000000000000E-02  0.9163957102740131E-02  0.2710339690885339E+01
  0.1690000000000000E-02  0.9163957055335348E-02  0.2710338393518498E+01
  0.1700000000000000E-02  0.9163957007687970E-02  0.2710337088452064E+01
  0.1710000000000000E-02  0.9163956959911401E-02  0.2710335775687639E+01
  0.1720000000000000E-02  0.9163956911696587E-02  0.2710334455224265E+01
  0.1730000000000000E-02  0.9163956863308207E-02  0.2710333127061593E+01
  0.1740000000000000E-02  0.9163956814494195E-02  0.2710331791199697E+01
  0.1750000000000000E-02  0.9163956765437483E-02  0.2710330447640710E+01
  0.1760000000000000E-02  0.9163956716125235E-02  0.2710329096381637E+01
  0.1770000000000000E-02  0.9163956666570350E-02  0.2710327737424791E+01
  0.1780000000000000E-02  0.9163956616715953E-02  0.2710326370768001E+01
  0.1790000000000000E-02  0.9163956566606166E-02  0.2710324996412813E+01
  0.1800000000000000E-02  0.9163956516127222E-02  0.2710323614359472E+01
  0.1810000000000000E-02  0.9163956465475340E-02  0.2710322224607486E+01
  0.1820000000000000E-02  0.9163956414441576E-02  0.2710320827156977E+01
  0.1830000000000000E-02  0.9163956363165013E-02  0.2710319422006876E+01
  0.1840000000000000E-02  0.9163956311532237E-02  0.2710318009158840E+01
  0.1850000000000000E-02  0.9163956259700852E-02  0.2710316588610908E+01
  0.1860000000000000E-02  0.9163956207626941E-02  0.2710315160365894E+01
  0.1870000000000000E-02  0.9163956155240590E-02  0.2710313724422112E+01
  0.1880000000000000E-02  0.9163956102554773E-02  0.2710312280779533E+01
  0.1890000000000000E-02  0.9163956049613644E-02  0.2710310829437958E+01
  0.1900000000000000E-02  0.9163955996360242E-02  0.2710309370397605E+01
  0.1910000000000000E-02  0.9163955942933542E-02  0.2710307903659138E+01
  0.1920000000000000E-02  0.9163955889068582E-02  0.2710306429222754E+01
  0.1930000000000000E-02  0.9163955835087192E-02  0.2710304947087309E+01
  0.1940000000000000E-02  0.9163955780780763E-02  0.2710303457253038E+01
  0.1950000000000000E-02  0.9163955726061185E-02  0.2710301959720255E+01
  0.1960000000000000E-02  0.9163955671098772E-02  0.2710300454489337E+01
  0.1970000000000000E-02  0.9163955615937984E-02  0.2710298941560505E+01
  0.1980000000000000E-02  0.9163955560521918E-02  0.2710297420932041E+01
  0.1990000000000000E-02  0.9163955504692504E-02  0.2710295892605122E+01
  0.2000000000000000E-02  0.9163955448594985E-02  0.2710294356580524E+01
  0.5992000000000000E-02  0.9163910635726781E-02  0.2709066452631684E+01
  0.9984000000000000E-02  0.9163821055347084E-02  0.2706613683907980E+01
  0.1397600000000000E-01  0.9163686707979337E-02  0.2702939663360335E+01
  0.1796800000000000E-01  0.9163507595160721E-02  0.2698049797729738E+01
  0.2196000000000000E-01  0.9163283718217733E-02  0.2691951273478585E+01
  0.2595200000000000E-01  0.9163015079060538E-02  0.2684653038107560E+01
  0.2994400000000000E-01  0.9162701680243013E-02  0.2676165776939039E+01
  0.3393600000000000E-01  0.9162343524482419E-02  0.2666501885457203E+01
  0.3792800000000000E-01  0.9161940614841007E-02  0.2655675437306437E+01
  0.4192000000000000E-01  0.9161492954765947E-02  0.2643702148061834E+01
  0.4591200000000000E-01  0.9161000548265918E-02  0.2630599334933672E+01
  0.4990400000000000E-01  0.9160463400015188E-02  0.2616385872520008E+01
  0.5389600000000000E-01  0.9159881514149679E-02  0.2601082144818340E+01
  0.5788800000000000E-01  0.9159254896173190E-02  0.2584709993619574E+01
  0.6188000000000000E-01  0.9158583551362693E-02  0.2567292663540295E+01
  0.6587200000000000E-01  0.9157867485747364E-02  0.2548854743840631E+01
  0.6986400000000000E-01  0.9157106705621622E-02  0.2529422107269937E+01
  0.7385600000000000E-01  0.9156301217641619E-02  0.2509021846161545E+01
  0.7784800000000000E-01  0.9155451029066295E-02  0.2487682205992257E+01
  0.8184000000000000E-01  0.9154556147166783E-02  0.2465432516665080E+01
  0.8583200000000001E-01  0.9153616580056288E-02  0.2442303121739248E+01
  0.8982400000000000E-01  0.9152632335951011E-02  0.2418325305878663E+01
  0.9381600000000000E-01  0.9151603423368388E-02  0.2393531220742517E+01
  0.9780800000000001E-01  0.9150529851545641E-02  0.2367953809608603E+01
  0.1018000000000000E+00  0.9149411630053946E-02  0.2341626730952849E+01
  0.1057920000000000E+00  0.9148248768598094E-02  0.2314584281266794E+01
  0.1097840000000000E+00  0.9147041277997276E-02  0.2286861317351395E+01
  0.1137760000000000E+00  0.9145789168286593E-02  0.2258493178352135E+01
  0.1177680000000000E+00  0.9144492451008332E-02  0.2229515607787562E+01
  0.1217600000000000E+00  0.9143151137642663E-02  0.2199964675801179E+01
  0.1257520000000000E+00  0.9141765239872413E-02  0.2169876701908208E+01
  0.1297440000000000E+00  0.9140334770486560E-02  0.2139288178435720E+01
  0.1337360000000000E+00  0.9138859741744481E-02  0.2108235694920476E+01
  0.1377280000000000E+00  0.9137340167033173E-02  0.2076755863656094E+01
  0.1417200000000000E+00  0.9135776060218329E-02  0.2044885246619373E+01
  0.1457120000000000E+00  0.9134167434820026E-02  0.2012660283973029E+01
  0.1497040000000000E+00  0.9132514305673026E-02  0.1980117224330807E+01
  0.1536960000000000E+00  0.9130816687065875E-02  0.1947292056973585E+01
  0.1576880000000000E+00  0.9129074594839439E-02  0.1914220446187396E+01
  0.1616800000000000E+00  0.9127288044207090E-02  0.1880937667868684E+01
  0.1656720000000000E+00  0.9125457051530426E-02  0.1847478548562416E+01
  0.1696640000000000E+00  0.9123581633278841E-02  0.1813877407050133E+01
  0.1736560000000000E+00  0.9121661806120470E-02  0.1780167998610598E+01
  0.1776480000000000E+00  0.9119697587728234E-02  0.1746383462070620E+01
  0.1816400000000000E+00  0.9117688995924713E-02  0.1712556269730840E+01
  0.1856320000000000E+00  0.9115636048471615E-02  0.1678718180246354E+01
  0.1896240000000000E+00  0.9113538764282857E-02  0.1644900194536528E+01
  0.1936160000000000E+00  0.9111397162496340E-02  0.1611132514777135E+01
  0.1976080000000000E+00  0.9109211262568960E-02  0.1577444506509693E+01
  0.2016000000000000E+00  0.9106981084594595E-02  0.1543864663910104E+01
  0.2055920000000000E+00  0.9104706648397319E-02  0.1510420578212395E+01
  0.2095840000000000E+00  0.9102387975233356E-02  0.1477138909320672E+01
  0.2135760000000000E+00  0.9100025086456964E-02  0.1444045360569760E+01
  0.2175680000000000E+00  0.9097618003398479E-02  0.1411164656637008E+01
  0.2215600000000000E+00  0.9095166748348617E-02  0.1378520524574365E+01
  0.2255520000000000E+00  0.9092671343846143E-02  0.1346135677906555E+01
  0.2295440000000000E+00  0.9090131812942520E-02  0.1314031803752139E+01
  0.2335360000000000E+00  0.9087548179122894E-02  0.1282229552916145E+01
  0.2375280000000000E+00  0.9084920466325941E-02  0.1250748532867902E+01
  0.2415200000000000E+00  0.9082248698810320E-02  0.1219607303544658E+01
  0.2455120000000000E+00  0.9079532901541398E-02  0.1188823375883786E+01
  0.2495040000000000E+00  0.9076773099629253E-02  0.1158413212994754E+01
  0.2534960000000000E+00  0.9073969318769403E-02  0.1128392233878510E+01
  0.2574880000000000E+00  0.9071121585337183E-02  0.1098774819584293E+01
  0.2614800000000000E+00  0.9068229925997120E-02  0.1069574321701604E+01
  0.2654720000000000E+00  0.9065294367881331E-02  0.1040803073061037E+01
  0.2694640000000000E+00  0.9062314938293884E-02  0.1012472400552445E+01
  0.2734560000000000E+00  0.9059291665453779E-02  0.9845926399088588E+00
  0.2774480000000000E+00  0.9056224578175474E-02  0.9571731523658874E+00
  0.2814400000000000E+00  0.9053113704756043E-02  0.9302223430452017E+00
  0.2854320000000000E+00  0.9049959075404741E-02  0.9037476809611178E+00
  0.2894240000000000E+00  0.9046760719552127E-02  0.8777557205012604E+00
  0.2934160000000000E+00  0.9043518667909430E-02  0.8522521242840592E+00
  0.2974080000000000E+00  0.9040232951256714E-02  0.8272416872313025E+00
  0.3014000000000000E+00  0.9036903600690468E-02  0.8027283617714763E+00
  0.3053920000000000E+00  0.9033530648428059E-02  0.7787152840180672E+00
  0.3093840000000000E+00  0.9030114126768667E-02  0.7552048008234967E+00
  0.3133760000000000E+00  0.9026654068728674E-02  0.7321984975765284E+00
  0.3173680000000000E+00  0.9023150507205971E-02  0.7096972266389562E+00
  0.3213600000000000E+00  0.9019603476291500E-02  0.6877011363001296E+00
  0.3253520000000000E+00  0.9016013010127829E-02  0.6662097001410672E+00
  0.3293440000000000E+00  0.9012379143537282E-02  0.6452217467090312E+00
  0.3333360000000000E+00  0.9008701912133727E-02  0.6247354893924447E+00
  0.3373280000000000E+00  0.9004981351247996E-02  0.6047485564034929E+00
  0.3413200000000000E+00  0.9001217497579032E-02  0.5852580207768957E+00
  0.3453120000000000E+00  0.8997410387807643E-02  0.5662604302882528E+00
  0.3493040000000000E+00  0.8993560059211834E-02  0.5477518372201189E+00
  0.3532960000000000E+00  0.8989666549703127E-02  0.5297278278826761E+00
  0.3572880000000000E+00  0.8985729897389471E-02  0.5121835518274290E+00
  0.3612800000000000E+00  0.8981750141570245E-02  0.4951137506778072E+00
  0.3652720000000000E+00  0.8977727321482292E-02  0.4785127865093083E+00
  0.3692640000000000E+00  0.8973661476588315E-02  0.4623746697311901E+00
  0.3732560000000000E+00  0.8969552647766086E-02  0.4466930863989423E+00
  0.3772480000000000E+00  0.8965400876040766E-02  0.4314614249245968E+00
  0.3812400000000000E+00  0.8961206202486145E-02  0.4166728021233534E+00
  0.3852320000000000E+00  0.8956968669288169E-02  0.4023200885726273E+00
  0.3892240000000000E+00  0.8952688319067143E-02  0.3883959332329472E+00
  0.3932160000000000E+00  0.8948365194652655E-02  0.3748927873091835E+00
  0.3972080000000000E+00  0.8943999339937695E-02  0.3618029273250253E+00
  0.4012000000000000E+00  0.8939590798750490E-02  0.3491184773787239E+00
  0.4051920000000000E+00  0.8935139616017367E-02  0.3368314305743070E+00
  0.4091840000000000E+00  0.8930645836873512E-02  0.3249336696037280E+00
  0.4131760000000000E+00  0.8926109507002622E-02  0.3134169864778424E+00
  0.4171680000000000E+00  0.8921530672741840E-02  0.3022731013851991E+00
  0.4211600000000000E+00  0.8916909380916917E-02  0.2914936806943326E+00
  0.4251520000000000E+00  0.8912245679024329E-02  0.2810703540769737E+00
  0.4291440000000000E+00  0.8907539614985242E-02  0.2709947307729881E+00
  0.4331360000000000E+00  0.8902791237259258E-02  0.2612584149900622E+00
  0.4371280000000000E+00  0.8898000595074229E-02  0.2518530204509091E+00
  0.4411200000000000E+00  0.8893167737812700E-02  0.2427701840973195E+00
  0.4451120000000000E+00  0.8888292715680313E-02  0.2340015789585408E+00
  0.4491040000000000E+00  0.8883375579800934E-02  0.2255389262089788E+00
  0.4530960000000000E+00  0.8878416380989919E-02  0.2173740064212761E+00
  0.4570880000000000E+00  0.8873415171480589E-02  0.2094986700320144E+00
  0.4610800000000000E+00  0.8868372003623523E-02  0.2019048470485624E+00
  0.4650720000000000E+00  0.8863286930602253E-02  0.1945845560079368E+00
  0.4690640000000000E+00  0.8858160005607813E-02  0.1875299122171867E+00
  0.4730560000000000E+00  0.8852991283547343E-02  0.1807331352896829E+00
  0.4770480000000000E+00  0.8847780818432438E-02  0.1741865560064137E+00
  0.4810400000000000E+00  0.8842528665857823E-02  0.1678826225247434E+00
  0.4850320000000000E+00  0.8837234881959130E-02  0.1618139059631668E+00
  0.4890240000000000E+00  0.8831899523043300E-02  0.1559731053759326E+00
  0.4930160000000000E+00  0.8826522646377871E-02  0.1503530521572785E+00
  0.4970080000000000E+00  0.8821104309388093E-02  0.1449467138898110E+00
  0.5010000000000000E+00  0.8815644570667414E-02  0.1397471976696825E+00
  0.5049920000000000E+00  0.8810143488942320E-02  0.1347477529276091E+00
  0.5089840000000000E+00  0.8804601123678722E-02  0.1299417737762371E+00
  0.5129760000000000E+00  0.8799017534882755E-02  0.1253228009103798E+00
  0.5169680000000000E+00  0.8793392783359916E-02  0.1208845230768058E+00
  0.5209600000000000E+00  0.8787726930256933E-02  0.1166207781456959E+00
  0.5249520000000000E+00  0.8782020037803859E-02  0.1125255538062540E+00
  0.5289440000000000E+00  0.8776272167806676E-02  0.1085929879093849E+00
  0.5329360000000000E+00  0.8770483384008024E-02  0.1048173684769355E+00
  0.5369280000000000E+00  0.8764653749715162E-02  0.1011931334079890E+00
  0.5409200000000000E+00  0.8758783329258262E-02  0.9771486989533547E-01
  0.5449120000000000E+00  0.8752872187785483E-02  0.9437731358129753E-01
  0.5489039999999999E+00  0.8746920390581371E-02  0.9117534746359368E-01
  0.5528960000000001E+00  0.8740928003911163E-02  0.8810400058195118E-01
  0.5568880000000000E+00  0.8734895094542091E-02  0.8515844649640532E-01
  0.5608800000000000E+00  0.8728821729918391E-02  0.8233400157839910E-01
  0.5648720000000000E+00  0.8722707977715290E-02  0.7962612313331500E-01
  0.5688640000000000E+00  0.8716553907071337E-02  0.7703040736848028E-01
  0.5728560000000000E+00  0.8710359586958479E-02  0.7454258722203615E-01
  0.5768480000000000E+00  0.8704125087140276E-02  0.7215853007470822E-01
  0.5808400000000000E+00  0.8697850478240874E-02  0.6987423534806798E-01
  0.5848320000000000E+00  0.8691535831481217E-02  0.6768583201323371E-01
  0.5888240000000000E+00  0.8685181218316813E-02  0.6558957601611877E-01
  0.5928160000000000E+00  0.8678786711639252E-02  0.6358184763340329E-01
  0.5968080000000000E+00  0.8672352384076903E-02  0.6165914877088122E-01
  0.6008000000000000E+00  0.8665878309388121E-02  0.5981810021785883E-01
  0.6047920000000000E+00  0.8659364562014943E-02  0.5805543886037157E-01
  0.6087840000000000E+00  0.8652811216624822E-02  0.5636801486894841E-01
  0.6127760000000000E+00  0.8646218348932245E-02  0.5475278887029885E-01
  0.6167680000000000E+00  0.8639586035402136E-02  0.5320682910362725E-01
  0.6207600000000000E+00  0.8632914352141911E-02  0.5172730857725938E-01
  0.6247520000000000E+00  0.8626203377512137E-02  0.5031150223216289E-01
  0.6287440000000000E+00  0.8619453189148342E-02  0.4895678410496570E-01
  0.6327360000000000E+00  0.8612663866060667E-02  0.4766062452132699E-01
  0.6367280000000000E+00  0.8605835487353698E-02  0.4642058730296009E-01
  0.6407200000000000E+00  0.8598968133476242E-02  0.4523432699898441E-01
  0.6447120000000000E+00  0.8592061884918076E-02  0.4409958615679285E-01
  0.6487039999999999E+00  0.8585116823017814E-02  0.4301419261920062E-01
  0.6526960000000001E+00  0.8578133029940663E-02  0.4197605686663467E-01
  0.6566880000000000E+00  0.8571110588331193E-02  0.4098316939681960E-01
  0.6606800000000000E+00  0.8564049581339345E-02  0.4003359814860256E-01
  0.6646720000000000E+00  0.8556950093065691E-02  0.3912548597713291E-01
  0.6686640000000000E+00  0.8549812208172303E-02  0.3825704817549950E-01
  0.6726560000000000E+00  0.8542636011812207E-02  0.3742657004381122E-01
  0.6766480000000000E+00  0.8535421589908216E-02  0.3663240451788852E-01
  0.6806400000000000E+00  0.8528169029104755E-02  0.3587296984502538E-01
  0.6846320000000000E+00  0.8520878416633151E-02  0.3514674731689441E-01
  0.6886240000000000E+00  0.8513549840595368E-02  0.3445227905967071E-01
  0.6926160000000000E+00  0.8506183389040666E-02  0.3378816587741647E-01
  0.6966080000000000E+00  0.8498779151453164E-02  0.3315306515145622E-01
  0.7006000000000000E+00  0.8491337217783671E-02  0.3254568879994994E-01
  0.7045920000000000E+00  0.8483857678258674E-02  0.3196480128995264E-01
  0.7085840000000000E+00  0.8476340624376275E-02  0.3140921770726024E-01
  0.7125760000000000E+00  0.8468786147941609E-02  0.3087780188560500E-01
  0.7165680000000000E+00  0.8461194341002926E-02  0.3036946458297004E-01
  0.7205600000000000E+00  0.8453565297277242E-02  0.2988316172413678E-01
  0.7245520000000000E+00  0.8445899110334117E-02  0.2941789268815350E-01
  0.7285440000000000E+00  0.8438195874478790E-02  0.2897269865765513E-01
  0.7325360000000000E+00  0.8430455684900136E-02  0.2854666101336608E-01
  0.7365280000000000E+00  0.8422678637578680E-02  0.2813889978725588E-01
  0.7405200000000000E+00  0.8414864828623435E-02  0.2774857216408326E-01
  0.7445120000000000E+00  0.8407014355452042E-02  0.2737487103390945E-01
  0.7485039999999999E+00  0.8399127315578625E-02  0.2701702359200908E-01
  0.7524960000000001E+00  0.8391203807542123E-02  0.2667428998983246E-01
  0.7564880000000000E+00  0.8383243930477652E-02  0.2634596203094675E-01
  0.7604800000000000E+00  0.8375247783768493E-02  0.2603136191542643E-01
  0.7644720000000000E+00  0.8367215468180556E-02  0.2572984102454590E-01
  0.7684640000000000E+00  0.8359147084555981E-02  0.2544077875407521E-01
  0.7724560000000000E+00  0.8351042734719817E-02  0.2516358138742795E-01
  0.7764480000000000E+00  0.8342902520833195E-02  0.2489768100993931E-01
  0.7804400000000000E+00  0.8334726545969281E-02  0.2464253446462820E-01
  0.7844320000000000E+00  0.8326514913949694E-02  0.2439762234597805E-01
  0.7884240000000000E+00  0.8318267728878111E-02  0.2416244803078378E-01
  0.7924160000000000E+00  0.8309985095858372E-02  0.2393653674915605E-01
  0.7964080000000000E+00  0.8301667120350988E-02  0.2371943468441452E-01
  0.8004000000000000E+00  0.8293313908768965E-02  0.2351070811595267E-01
  0.8043920000000000E+00  0.8284925567833381E-02  0.2330994258663954E-01
  0.8083840000000000E+00  0.8276502205498150E-02  0.2311674210778799E-01
  0.8123760000000000E+00  0.8268043929645809E-02  0.2293072839498796E-01
  0.8163680000000000E+00  0.8259550849154716E-02  0.2275154013114230E-01
  0.8203600000000000E+00  0.8251023073712619E-02  0.2257883226026669E-01
  0.8243520000000000E+00  0.8242460713458815E-02  0.2241227530841191E-01
  0.8283440000000000E+00  0.8233863879073896E-02  0.2225155473280860E-01
  0.8323360000000000E+00  0.8225232682163250E-02  0.2209637029642379E-01
  0.8363280000000000E+00  0.8216567234709019E-02  0.2194643546386625E-01
  0.8403200000000000E+00  0.8207867649454335E-02  0.2180147683036826E-01
  0.8443120000000000E+00  0.8199134039726058E-02  0.2166123356269645E-01
  0.8483039999999999E+00  0.8190366519587390E-02  0.2152545687056044E-01
  0.8522960000000001E+00  0.8181565203764486E-02  0.2139390949619887E-01
  0.8562880000000000E+00  0.8172730207443123E-02  0.2126636522576431E-01
  0.8602800000000000E+00  0.8163861646678492E-02  0.2114260841874049E-01
  0.8642720000000000E+00  0.8154959637899454E-02  0.2102243355894884E-01
  0.8682640000000000E+00  0.8146024298156905E-02  0.2090564482206325E-01
  0.8722560000000000E+00  0.8137055745548089E-02  0.2079205566113296E-01
  0.8762480000000000E+00  0.8128054098526774E-02  0.2068148840925573E-01
  0.8802400000000000E+00  0.8119019475719913E-02  0.2057377389898107E-01
  0.8842320000000000E+00  0.8109951997402044E-02  0.2046875109584937E-01
  0.8882240000000000E+00  0.8100851783310183E-02  0.2036626674812443E-01
  0.8922160000000000E+00  0.8091718954687934E-02  0.2026617505221366E-01
  0.8962080000000000E+00  0.8082553633266924E-02  0.2016833732739072E-01
  0.9002000000000000E+00  0.8073355940816020E-02  0.2007262170980469E-01
  0.9041920000000000E+00  0.8064126000493440E-02  0.1997890285309841E-01
  0.9081840000000000E+00  0.8054863935227384E-02  0.1988706164760012E-01
  0.9121760000000000E+00  0.8045569869334124E-02  0.1979698494468352E-01
  0.9161680000000000E+00  0.8036243927539103E-02  0.1970856529816064E-01
  0.9201600000000000E+00  0.8026886234724535E-02  0.1962170071245373E-01
  0.9241520000000000E+00  0.8017496916880968E-02  0.1953629440234472E-01
  0.9281440000000000E+00  0.8008076100541217E-02  0.1945225456413802E-01
  0.9321360000000000E+00  0.7998623912503652E-02  0.1936949415429205E-01
  0.9361280000000000E+00  0.7989140480403145E-02  0.1928793067739661E-01
  0.9401200000000000E+00  0.7979625932618905E-02  0.1920748598457767E-01
  0.9441120000000000E+00  0.7970080397630946E-02  0.1912808607874069E-01
  0.9481039999999999E+00  0.7960504005168817E-02  0.1904966092792648E-01
  0.9520960000000001E+00  0.7950896884972657E-02  0.1897214428744428E-01
  0.9560880000000000E+00  0.7941259167654594E-02  0.1889547352773698E-01
  0.9600800000000000E+00  0.7931590984184056E-02  0.1881958947201386E-01
  0.9640720000000000E+00  0.7921892466602768E-02  0.1874443623831601E-01
  0.9680640000000000E+00  0.7912163746912095E-02  0.1866996108773359E-01
  0.9720560000000000E+00  0.7902404958041294E-02  0.1859611428218895E-01
  0.9760480000000000E+00  0.7892616233353399E-02  0.1852284894515632E-01
  0.9800400000000000E+00  0.7882797707019239E-02  0.1845012092764635E-01
  0.9840320000000000E+00  0.7872949513317285E-02  0.1837788868427011E-01
  0.9880240000000000E+00  0.7863071787362150E-02  0.1830611315024881E-01
  0.9920160000000000E+00  0.7853164665025197E-02  0.1823475762292433E-01
  0.9960080000000000E+00  0.7843228282386554E-02  0.1816378765365319E-01
  0.1000000000000000E+01  0.7833262776228068E-02  0.1809317093759644E-01
  0.1026491680839000E+01  0.7766401905843044E-02  0.1763147930956747E-01
  0.1056786161003000E+01  0.7688431267554866E-02  0.1711253358523749E-01
  0.1088703936712000E+01  0.7604603381275228E-02  0.1656995021434282E-01
  0.1121723800805000E+01  0.7516146213340801E-02  0.1600967332765683E-01
  0.1155588150741000E+01  0.7423682523835093E-02  0.1543518752332155E-01
  0.1190141050780000E+01  0.7327615102055100E-02  0.1484994413170559E-01
  0.1225277261537000E+01  0.7228244979612848E-02  0.1425768164065625E-01
  0.1260920678924000E+01  0.7125820039167730E-02  0.1366228926270393E-01
  0.1297013558176000E+01  0.7020558498536416E-02  0.1306759764311257E-01
  0.1333510502098000E+01  0.6912661459652832E-02  0.1247720395221252E-01
  0.1370374832331000E+01  0.6802320066385633E-02  0.1189435499115380E-01
  0.1407576264730000E+01  0.6689719748178858E-02  0.1132188417885271E-01
  0.1445089349019000E+01  0.6575042774109533E-02  0.1076219025739644E-01
  0.1482892381256000E+01  0.6458469771452389E-02  0.1021724496383203E-01
  0.1520966621941000E+01  0.6340180581204015E-02  0.9688618937396734E-02
  0.1559295718995000E+01  0.6220354673991663E-02  0.9177517762534762E-02
  0.1597865272400000E+01  0.6099171264975081E-02  0.8684822464388361E-02
  0.1636662499333000E+01  0.5976809220337938E-02  0.8211130710727247E-02
  0.1675675972292000E+01  0.5853446817988273E-02  0.7756796419420213E-02
  0.1714895411252000E+01  0.5729261407360685E-02  0.7321966473228210E-02
  0.1754311516553000E+01  0.5604428997451435E-02  0.6906613928188550E-02
  0.1793915832968000E+01  0.5479123801399161E-02  0.6510567527575765E-02
  0.1833700637965000E+01  0.5353517753318404E-02  0.6133537602021140E-02
  0.1873658848995000E+01  0.5227780013249649E-02  0.5775138581019634E-02
  0.1913783945901000E+01  0.5102076471984253E-02  0.5434908418566568E-02
  0.1954069905471000E+01  0.4976569266001317E-02  0.5112325259344852E-02
  0.1994511145848000E+01  0.4851416308095687E-02  0.4806821671858937E-02
  0.2035102478983000E+01  0.4726770843882017E-02  0.4517796755062180E-02
  0.2075839069744000E+01  0.4602781035544186E-02  0.4244626398751820E-02
  0.2116716400526000E+01  0.4479589579508243E-02  0.3986671947020533E-02
  0.2157730240489000E+01  0.4357333359977547E-02  0.3743287484293562E-02
  0.2198876618659000E+01  0.4236143141544324E-02  0.3513825933431432E-02
  0.2240151800332000E+01  0.4116143301616883E-02  0.3297644131192221E-02
  0.2281552266261000E+01  0.3997451604251039E-02  0.3094107021183087E-02
  0.2323074694242000E+01  0.3880179015787439E-02  0.2902591086477520E-02
  0.2364715942755000E+01  0.3764429561741599E-02  0.2722487125694339E-02
  0.2406473036380000E+01  0.3650300224495969E-02  0.2553202462893945E-02
  0.2448343152753000E+01  0.3537880880890975E-02  0.2394162669234280E-02
  0.2490323610866000E+01  0.3427254277840489E-02  0.2244812864015872E-02
  0.2532411860537000E+01  0.3318496044932000E-02  0.2104618654512697E-02
  0.2574605472910000E+01  0.3211674741038829E-02  0.1973066766202345E-02
  0.2616902131854000E+01  0.3106851934055049E-02  0.1849665409177456E-02
  0.2659299626176000E+01  0.3004082309833055E-02  0.1733944420533561E-02
  0.2701795842525000E+01  0.2903413809281882E-02  0.1625455218278435E-02
  0.2744388758938000E+01  0.2804887790102312E-02  0.1523770597589460E-02
  0.2787076438941000E+01  0.2708539210959854E-02  0.1428484396883652E-02
  0.2829857026150000E+01  0.2614396835425382E-02  0.1339211057504597E-02
  0.2872728739326000E+01  0.2522483453152359E-02  0.1255585098034236E-02
  0.2915689867825000E+01  0.2432816115485292E-02  0.1177260521417217E-02
  0.2958738767416000E+01  0.2345406383570441E-02  0.1103910170688737E-02
  0.3001873856427000E+01  0.2260260585983939E-02  0.1035225046960929E-02
  0.3045093612177000E+01  0.2177380084123556E-02  0.9709136013477899E-03
  0.3088396567689000E+01  0.2096761542912494E-02  0.9107010107726408E-03
  0.3131781308633000E+01  0.2018397205031748E-02  0.8543284461355775E-03
  0.3175246470497000E+01  0.1942275166542589E-02  0.8015523398772879E-03
  0.3218790735959000E+01  0.1868379652666239E-02  0.7521436588494014E-03
  0.3262412832440000E+01  0.1796691291480680E-02  0.7058871873503424E-03
  0.3306111529822000E+01  0.1727187384811629E-02  0.6625808242585594E-03
  0.3349885638326000E+01  0.1659842174441187E-02  0.6220348974156119E-03
  0.3393734006526000E+01  0.1594627103029074E-02  0.5840714977530799E-03
  0.3437655519494000E+01  0.1531511068272394E-02  0.5485238350463434E-03
  0.3481649097063000E+01  0.1470460669751261E-02  0.5152356167014311E-03
  0.3525713692196000E+01  0.1411440447738129E-02  0.4840604505471025E-03
  0.3569848289467000E+01  0.1354413113168893E-02  0.4548612722439075E-03
  0.3614051903620000E+01  0.1299339768394307E-02  0.4275097976419496E-03
  0.3658323578224000E+01  0.1246180118390549E-02  0.4018860001371535E-03
  0.3702662384408000E+01  0.1194892671925279E-02  0.3778776128916513E-03
  0.3747067419663000E+01  0.1145434932788033E-02  0.3553796556062373E-03
  0.3791537806719000E+01  0.1097763580614553E-02  0.3342939853873763E-03
  0.3836072692483000E+01  0.1051834641584146E-02  0.3145288711470501E-03
  0.3880671247037000E+01  0.1007603648788266E-02  0.2959985908825073E-03
  0.3925332662690000E+01  0.9650257924629807E-03  0.2786230511142653E-03
  0.3970056153079000E+01  0.9240560601964984E-03  0.2623274277103371E-03
  0.4014840952329000E+01  0.8846493673014659E-03  0.2470418272823030E-03
  0.4059686314240000E+01  0.8467606775773900E-03  0.2327009683295406E-03
  0.4104591511533000E+01  0.8103451146960185E-03  0.2192438812706390E-03
  0.4149555835123000E+01  0.7753580645478270E-03  0.2066136265185653E-03
  0.4194578593435000E+01  0.7417552688050524E-03  0.1947570297415327E-03
  0.4239659111753000E+01  0.7094929101103063E-03  0.1836244334684394E-03
  0.4284796731600000E+01  0.6785276891329489E-03  0.1731694642081744E-03
  0.4329990810147000E+01  0.6488168939299281E-03  0.1633488142694288E-03
  0.4375240719658000E+01  0.6203184619811080E-03  0.1541220374866441E-03
  0.4420545846947000E+01  0.5929910352051482E-03  0.1454513580878114E-03
  0.4465905592879000E+01  0.5667940083683881E-03  0.1373014919533632E-03
  0.4511319371877000E+01  0.5416875712883863E-03  0.1296394795571285E-03
  0.4556786611463000E+01  0.5176327451051289E-03  0.1224345298951096E-03
  0.4602306751816000E+01  0.4945914131056639E-03  0.1156578747458201E-03
  0.4647879245346000E+01  0.4725263463437054E-03  0.1092826326318278E-03
  0.4693503556296000E+01  0.4514012244810580E-03  0.1032836818800742E-03
  0.4739179160353000E+01  0.4311806521359842E-03  0.9763754221250955E-04
  0.4784905544280000E+01  0.4118301711202464E-03  0.9232226432298332E-04
  0.4830682205562000E+01  0.3933162688221929E-03  0.8731732692774347E-04
  0.4876508652067000E+01  0.3756063830784893E-03  0.8260354080365966E-04
  0.4922384401727000E+01  0.3586689038256240E-03  0.7816295935519982E-04
  0.4968308982220000E+01  0.3424731717882534E-03  0.7397879527988963E-04
  0.5014281930677000E+01  0.3269894744934521E-03  0.7003534292299725E-04
  0.5060302793397000E+01  0.3121890398465954E-03  0.6631790594090093E-04
  0.5106371125568000E+01  0.2980440275280185E-03  0.6281272991419385E-04
  0.5152486491010000E+01  0.2845275184159775E-03  0.5950693957268437E-04
  0.5198648461916000E+01  0.2716135022647986E-03  0.5638848031896637E-04
  0.5244856618613000E+01  0.2592768638369421E-03  0.5344606375385915E-04
  0.5291110549327000E+01  0.2474933676681117E-03  0.5066911692916981E-04
  0.5337409849959000E+01  0.2362396416553882E-03  0.4804773506966921E-04
  0.5383754123869000E+01  0.2254931596242358E-03  0.4557263752407948E-04
  0.5430142981663000E+01  0.2152322230292422E-03  0.4323512672107760E-04
  0.5476576041002000E+01  0.2054359419291739E-03  0.4102704992034536E-04
  0.5523052926401000E+01  0.1960842153714607E-03  0.3894076356564681E-04
  0.5569573269047000E+01  0.1871577113016944E-03  0.3696910005714616E-04
  0.5616136706617000E+01  0.1786378461148565E-03  0.3510533677522922E-04
  0.5662742883108000E+01  0.1705067639443032E-03  0.3334316719834513E-04
  0.5709391448671000E+01  0.1627473157844378E-03  0.3167667396929981E-04
  0.5756082059445000E+01  0.1553430385343758E-03  0.3010030377442561E-04
  0.5802814377408000E+01  0.1482781340319075E-03  0.2860884390892801E-04
  0.5849588070221000E+01  0.1415374481544243E-03  0.2719740041208406E-04
  0.5896402811091000E+01  0.1351064500431662E-03  0.2586137766255025E-04
  0.5943258278624000E+01  0.1289712115100185E-03  0.2459645933355848E-04
  0.5990154156692000E+01  0.1231183866741639E-03  0.2339859061328734E-04
  0.6037090134305000E+01  0.1175351918725174E-03  0.2226396160344621E-04
  0.6084065905483000E+01  0.1122093858817713E-03  0.2118899181511252E-04
  0.6131081169131000E+01  0.1071292504870090E-03  0.2017031568641107E-04
  0.6178135628925000E+01  0.1022835714224853E-03  0.1920476905190586E-04
  0.6225228993198000E+01  0.9766161971103455E-04  0.1828937649896905E-04
  0.6272360974825000E+01  0.9325313342278651E-04  0.1742133955071377E-04
  0.6319531291118000E+01  0.8904829986813307E-04  0.1659802561914660E-04
  0.6366739663724000E+01  0.8503773823960057E-04  0.1581695767652847E-04
  0.6413985818521000E+01  0.8121248271399224E-04  0.1507580459651848E-04
  0.6461269485525000E+01  0.7756396602027539E-04  0.1437237211979035E-04
  0.6508590398791000E+01  0.7408400348123454E-04  0.1370459440246621E-04
  0.6555948296322000E+01  0.7076477752996068E-04  0.1307052610812846E-04
  0.6603342919984000E+01  0.6759882270275148E-04  0.1246833500717420E-04
  0.6650774015417000E+01  0.6457901110835467E-04  0.1189629504987029E-04
  0.6698241331950000E+01  0.6169853837064703E-04  0.1135277988155516E-04
  0.6745744622523000E+01  0.5895091004071084E-04  0.1083625677069665E-04
  0.6793283643606000E+01  0.5632992847400273E-04  0.1034528092267011E-04
  0.6840858155125000E+01  0.5382968016581995E-04  0.9878490153753642E-05
  0.6888467920385000E+01  0.5144452353860036E-04  0.9434599901795199E-05
  0.6936112705998000E+01  0.4916907717259780E-04  0.9012398551424119E-05
  0.6983792281816000E+01  0.4699820847138920E-04  0.8610743053269556E-05
  0.7031506420860000E+01  0.4492702275343705E-04  0.8228554818109110E-05
  0.7079254899255000E+01  0.4295085275945729E-04  0.7864815867991821E-05
  0.7127037496165000E+01  0.4106524856578072E-04  0.7518565227726228E-05
  0.7174853993732000E+01  0.3926596789307028E-04  0.7188895541156144E-05
  0.7222704177013000E+01  0.3754896679995382E-04  0.6874949897760347E-05
  0.7270587833923000E+01  0.3591039075039099E-04  0.6575918855979121E-05
  0.7318504755175000E+01  0.3434656604409884E-04  0.6291037650689042E-05
  0.7366454734226000E+01  0.3285399159869200E-04  0.6019583572963774E-05
  0.7414437567223000E+01  0.3142933107266824E-04  0.5760873511139603E-05
  0.7462453052947000E+01  0.3006940531824573E-04  0.5514261642896421E-05
  0.7510500992765000E+01  0.2877118515278689E-04  0.5279137268682402E-05
  0.7558581190576000E+01  0.2753178443835238E-04  0.5054922777569824E-05
  0.7606693452764000E+01  0.2634845345825046E-04  0.4841071737074749E-05
  0.7654837588152000E+01  0.2521857258020131E-04  0.4637067099123940E-05
  0.7703013407952000E+01  0.2413964619578791E-04  0.4442419514849276E-05
  0.7751220725721000E+01  0.2310929692574213E-04  0.4256665751303446E-05
  0.7799459357318000E+01  0.2212526008119007E-04  0.4079367203705470E-05
  0.7847729120860000E+01  0.2118537837110726E-04  0.3910108497221993E-05
  0.7896029836678000E+01  0.2028759684640350E-04  0.3748496172666164E-05
  0.7944361327281000E+01  0.1942995807118779E-04  0.3594157450837889E-05
  0.7992723417312000E+01  0.1861059751245686E-04  0.3446739070648462E-05
  0.8041115933508999E+01  0.1782773913914987E-04  0.3305906196387168E-05
  0.8089538704670000E+01  0.1707969122205803E-04  0.3171341389835813E-05
  0.8137991561612001E+01  0.1636484232646275E-04  0.3042743643234349E-05
  0.8186474337138000E+01  0.1568165748924549E-04  0.2919827469289278E-05
  0.8234986866002000E+01  0.1502867457286814E-04  0.2802322044727221E-05
  0.8283528984870999E+01  0.1440450078870892E-04  0.2689970404091599E-05
  0.8332100532294000E+01  0.1380780938236646E-04  0.2582528680666253E-05
  0.8380701348668000E+01  0.1323733647406878E-04  0.2479765391656021E-05
  0.8429331276208000E+01  0.1269187804734175E-04  0.2381460764896437E-05
  0.8477990158912000E+01  0.1217028707953818E-04  0.2287406104572308E-05
  0.8526677842534999E+01  0.1167147080779953E-04  0.2197403193537539E-05
  0.8575394174554001E+01  0.1119438812461913E-04  0.2111263730044018E-05
  0.8624139004142000E+01  0.1073804709701392E-04  0.2028808796756609E-05
  0.8672912182138001E+01  0.1030150260386692E-04  0.1949868360123140E-05
  0.8721713561022000E+01  0.9883854085999504E-05  0.1874280798250365E-05
  0.8770542994884000E+01  0.9484243403929690E-05  0.1801892455585970E-05
  0.8819400339396999E+01  0.9101852798291365E-05  0.1732557222779487E-05
  0.8868285451794000E+01  0.8735902948192026E-05  0.1666136140214463E-05
  0.8917198190842999E+01  0.8385651123023298E-05  0.1602497023805895E-05
  0.8966138416814999E+01  0.8050389423405619E-05  0.1541514111741126E-05
  0.9015105991470000E+01  0.7729443106929304E-05  0.1483067730888389E-05
  0.9064100778025001E+01  0.7422168994964552E-05  0.1427043981752847E-05
  0.9113122641131000E+01  0.7127953956531218E-05  0.1373334440850432E-05
  0.9162171446858000E+01  0.6846213465604319E-05  0.1321835879477118E-05
  0.9211247062662000E+01  0.6576390228519364E-05  0.1272449997938500E-05
  0.9260349357370000E+01  0.6317952877927889E-05  0.1225083174296568E-05
  0.9309478201156001E+01  0.6070394730279468E-05  0.1179646226815449E-05
  0.9358633465522001E+01  0.5833232603706046E-05  0.1136054189295518E-05
  0.9407815023274001E+01  0.5606005693456323E-05  0.1094226098558428E-05
  0.9457022748506001E+01  0.5388274502041633E-05  0.1054084793370126E-05
  0.9506256516575000E+01  0.5179619821528661E-05  0.1015556724158249E-05
  0.9555516204088001E+01  0.4979641765357425E-05  0.9785717728879537E-06
  0.9604801688877000E+01  0.4787958847383319E-05  0.9430630825349234E-06
  0.9654112849986999E+01  0.4604207105740136E-05  0.9089668955903921E-06
  0.9703449567649001E+01  0.4428039269448505E-05  0.8762224011062912E-06
  0.9752811723272000E+01  0.4259123965552892E-05  0.8447715897747103E-06
  0.9802199199419000E+01  0.4097144964932103E-05  0.8145591166132147E-06
  0.9851611879789999E+01  0.3941800464802891E-05  0.7855321708142836E-06
  0.9901049649209000E+01  0.3792802406129671E-05  0.7576403523614239E-06
  0.9950512393606999E+01  0.3649875824249846E-05  0.7308355550404620E-06
  0.1000000000000000E+02  0.3512758231079615E-05  0.7050718554916843E-06
  0.1005000000000000E+02  0.3379930465061233E-05  0.6800663634261360E-06
  0.1010000000000000E+02  0.3252587408591115E-05  0.6560465844625373E-06
  0.1015000000000000E+02  0.3130485934056721E-05  0.6329699259822319E-06
  0.1020000000000000E+02  0.3013394331996635E-05  0.6107957857591359E-06
  0.1025000000000000E+02  0.2901091747839149E-05  0.5894854523265103E-06
  0.1030000000000000E+02  0.2793367647651460E-05  0.5690020106720916E-06
  0.1035000000000000E+02  0.2690021311353069E-05  0.5493102529561561E-06
  0.1040000000000000E+02  0.2590861351930592E-05  0.5303765939659041E-06
  0.1045000000000000E+02  0.2495705259270980E-05  0.5121689910371666E-06
  0.1050000000000000E+02  0.2404378967304667E-05  0.4946568681907845E-06
  0.1055000000000000E+02  0.2316716443222024E-05  0.4778110442464423E-06
  0.1060000000000000E+02  0.2232559297592728E-05  0.4616036646910111E-06
  0.1065000000000000E+02  0.2151756414282223E-05  0.4460081370919372E-06
  0.1070000000000000E+02  0.2074163599118791E-05  0.4309990698587162E-06
  0.1075000000000000E+02  0.1999643246322104E-05  0.4165522141672779E-06
  0.1080000000000000E+02  0.1928064021757556E-05  0.4026444088730768E-06
  0.1085000000000000E+02  0.1859300562131649E-05  0.3892535282489769E-06
  0.1090000000000000E+02  0.1793233189291707E-05  0.3763584323936726E-06
  0.1095000000000000E+02  0.1729747638838564E-05  0.3639389201654014E-06
  0.1100000000000000E+02  0.1668734802303724E-05  0.3519756845041823E-06
  0.1105000000000000E+02  0.1610090482183149E-05  0.3404502700137149E-06
  0.1110000000000000E+02  0.1553715159158042E-05  0.3293450326815553E-06
  0.1115000000000000E+02  0.1499513770869193E-05  0.3186431016231057E-06
  0.1120000000000000E+02  0.1447395501645731E-05  0.3083283427415602E-06
  0.1125000000000000E+02  0.1397273582621365E-05  0.2983853242020197E-06
  0.1130000000000000E+02  0.1349065101701792E-05  0.2887992836238251E-06
  0.1135000000000000E+02  0.1302690822875658E-05  0.2795560969005109E-06
  0.1140000000000000E+02  0.1258075014388925E-05  0.2706422485619123E-06
  0.1145000000000000E+02  0.1215145285328077E-05  0.2620448035977107E-06
  0.1150000000000000E+02  0.1173832430181893E-05  0.2537513806662026E-06
  0.1155000000000000E+02  0.1134070280974696E-05  0.2457501266163078E-06
  0.1160000000000000E+02  0.1095795566585437E-05  0.2380296922547903E-06
  0.1165000000000000E+02  0.1058947778887716E-05  0.2305792092944189E-06
  0.1170000000000000E+02  0.1023469045365030E-05  0.2233882684222943E-06
  0.1175000000000000E+02  0.9893040078739650E-06  0.2164468984309049E-06
  0.1180000000000000E+02  0.9563997072454114E-06  0.2097455463575630E-06
  0.1185000000000000E+02  0.9247054734299777E-06  0.2032750585808342E-06
  0.1190000000000000E+02  0.8941728209094973E-06  0.1970266628253287E-06
  0.1195000000000000E+02  0.8647553491110935E-06  0.1909919510288391E-06
  0.1200000000000000E+02  0.8364086475738474E-06  0.1851628630282568E-06
  0.1205000000000000E+02  0.8090902056314468E-06  0.1795316710230318E-06
  0.1210000000000000E+02  0.7827593263863906E-06  0.1740909647771308E-06
  0.1215000000000000E+02  0.7573770447629525E-06  0.1688336375224897E-06
  0.1220000000000000E+02  0.7329060494372258E-06  0.1637528725289390E-06
  0.1225000000000000E+02  0.7093106084529913E-06  0.1588421303073952E-06
  0.1230000000000000E+02  0.6865564983419452E-06  0.1540951364148586E-06
  0.1235000000000000E+02  0.6646109365762176E-06  0.1495058698314007E-06
  0.1240000000000000E+02  0.6434425171899408E-06  0.1450685518808695E-06
  0.1245000000000000E+02  0.6230211494149239E-06  0.1407776356685161E-06
  0.1250000000000000E+02  0.6033179991835061E-06  0.1366277960101151E-06
  0.1255000000000000E+02  0.5843054333589773E-06  0.1326139198284830E-06
  0.1260000000000000E+02  0.5659569665612311E-06  0.1287310969945180E-06
  0.1265000000000000E+02  0.5482472104618424E-06  0.1249746115910677E-06
  0.1270000000000000E+02  0.5311518254292326E-06  0.1213399335790372E-06
  0.1275000000000000E+02  0.5146474744105486E-06  0.1178227108461982E-06
  0.1280000000000000E+02  0.4987117789425731E-06  0.1144187616201536E-06
  0.1285000000000000E+02  0.4833232771893954E-06  0.1111240672278546E-06
  0.1290000000000000E+02  0.4684613839096712E-06  0.1079347651849509E-06
  0.1295000000000000E+02  0.4541063522611830E-06  0.1048471425991094E-06
  0.1300000000000000E+02  0.4402392373549040E-06  0.1018576298722213E-06
  0.1305000000000000E+02  0.4268418614752625E-06  0.9896279468718525E-07
  0.1310000000000000E+02  0.4138967808873064E-06  0.9615933626567056E-07
  0.1315000000000000E+02  0.4013872541554406E-06  0.9344407988393060E-07
  0.1320000000000000E+02  0.3892972119021297E-06  0.9081397163440533E-07
  0.1325000000000000E+02  0.3776112279384266E-06  0.8826607342143534E-07
  0.1330000000000000E+02  0.3663144917015830E-06  0.8579755818000998E-07
  0.1335000000000000E+02  0.3553927819381401E-06  0.8340570530700873E-07
  0.1340000000000000E+02  0.3448324415738934E-06  0.8108789629492353E-07
  0.1345000000000000E+02  0.3346203537150109E-06  0.7884161055853673E-07
  0.1350000000000000E+02  0.3247439187272732E-06  0.7666442144550395E-07
  0.1355000000000000E+02  0.3151910323429701E-06  0.7455399242223334E-07
  0.1360000000000000E+02  0.3059500647474669E-06  0.7250807342687484E-07
  0.1365000000000000E+02  0.2970098405997074E-06  0.7052449738163114E-07
  0.1370000000000000E+02  0.2883596199432132E-06  0.6860117685699004E-07
  0.1375000000000000E+02  0.2799890799661586E-06  0.6673610088082718E-07
  0.1380000000000000E+02  0.2718882975711107E-06  0.6492733188568178E-07
  0.1385000000000000E+02  0.2640477327169419E-06  0.6317300278782614E-07
  0.1390000000000000E+02  0.2564582124971814E-06  0.6147131419206063E-07
  0.1395000000000000E+02  0.2491109159208021E-06  0.5982053171646120E-07
  0.1400000000000000E+02  0.2419973593630473E-06  0.5821898343158241E-07
  0.1405000000000000E+02  0.2351093826554686E-06  0.5666505740888422E-07
  0.1410000000000000E+02  0.2284391357857804E-06  0.5515719937340394E-07
  0.1415000000000000E+02  0.2219790661795625E-06  0.5369391045593157E-07
  0.1420000000000000E+02  0.2157219065371563E-06  0.5227374504017460E-07
  0.1425000000000000E+02  0.2096606632003539E-06  0.5089530870061455E-07
  0.1430000000000000E+02  0.2037886050246979E-06  0.4955725622696110E-07
  0.1435000000000000E+02  0.1980992527343364E-06  0.4825828973130664E-07
  0.1440000000000000E+02  0.1925863687374777E-06  0.4699715683426633E-07
  0.1445000000000000E+02  0.1872439473815143E-06  0.4577264892656868E-07
  0.1450000000000000E+02  0.1820662056278659E-06  0.4458359950272347E-07
  0.1455000000000000E+02  0.1770475741275446E-06  0.4342888256356067E-07
  0.1460000000000000E+02  0.1721826886793204E-06  0.4230741108457631E-07
  0.1465000000000000E+02  0.1674663820532195E-06  0.4121813554717355E-07
  0.1470000000000000E+02  0.1628936761628964E-06  0.4016004253001732E-07
  0.1475000000000000E+02  0.1584597745711891E-06  0.3913215335785553E-07
  0.1480000000000000E+02  0.1541600553138971E-06  0.3813352280528144E-07
  0.1485000000000000E+02  0.1499900640275237E-06  0.3716323785303028E-07
  0.1490000000000000E+02  0.1459455073673732E-06  0.3622041649451377E-07
  0.1495000000000000E+02  0.1420222467030595E-06  0.3530420659040617E-07
  0.1500000000000000E+02  0.1382162920790272E-06  0.3441378476919212E-07
  0.1505000000000000E+02  0.1345237964283295E-06  0.3354835537168767E-07
  0.1510000000000000E+02  0.1309410500283912E-06  0.3270714943763372E-07
  0.1515000000000000E+02  0.1274644751880435E-06  0.3188942373255188E-07
  0.1520000000000000E+02  0.1240906211555930E-06  0.3109445981313308E-07
  0.1525000000000000E+02  0.1208161592381774E-06  0.3032156312951041E-07
  0.1530000000000000E+02  0.1176378781230838E-06  0.2957006216284208E-07
  0.1535000000000000E+02  0.1145526793921582E-06  0.2883930759670218E-07
  0.1540000000000000E+02  0.1115575732208333E-06  0.2812867152084539E-07
  0.1545000000000000E+02  0.1086496742536832E-06  0.2743754666597742E-07
  0.1550000000000000E+02  0.1058261976487958E-06  0.2676534566822271E-07
  0.1555000000000000E+02  0.1030844552836042E-06  0.2611150036204410E-07
  0.1560000000000000E+02  0.1004218521151428E-06  0.2547546110041965E-07
  0.1565000000000000E+02  0.9783588268803250E-07  0.2485669610114068E-07
  0.1570000000000000E+02  0.9532412778379176E-07  0.2425469081814333E-07
  0.1575000000000000E+02  0.9288425120536446E-07  0.2366894733683413E-07
  0.1580000000000000E+02  0.9051399669103690E-07  0.2309898379241795E-07
  0.1585000000000000E+02  0.8821118495217369E-07  0.2254433381027999E-07
  0.1590000000000000E+02  0.8597371082946123E-07  0.2200454596751527E-07
  0.1595000000000000E+02  0.8379954056258304E-07  0.2147918327473968E-07
  0.1600000000000000E+02  0.8168670916848106E-07  0.2096782267735421E-07
  0.1605000000000000E+02  0.7963331792357867E-07  0.2047005457547110E-07
  0.1610000000000000E+02  0.7763753194554350E-07  0.1998548236174488E-07
  0.1615000000000000E+02  0.7569757787036976E-07  0.1951372197638397E-07
  0.1620000000000000E+02  0.7381174162075466E-07  0.1905440147865115E-07
  0.1625000000000000E+02  0.7197836626190843E-07  0.1860716063419067E-07
  0.1630000000000000E+02  0.7019584994112585E-07  0.1817165051754738E-07
  0.1635000000000000E+02  0.6846264390760504E-07  0.1774753312927337E-07
  0.1640000000000000E+02  0.6677725060914925E-07  0.1733448102704054E-07
  0.1645000000000000E+02  0.6513822186254913E-07  0.1693217697020497E-07
  0.1650000000000000E+02  0.6354415709457320E-07  0.1654031357729097E-07
  0.1655000000000000E+02  0.6199370165063845E-07  0.1615859299588685E-07
  0.1660000000000000E+02  0.6048554516835765E-07  0.1578672658446438E-07
  0.1665000000000000E+02  0.5901842001328592E-07  0.1542443460565672E-07
  0.1670000000000000E+02  0.5759109977430413E-07  0.1507144593054668E-07
  0.1675000000000000E+02  0.5620239781619352E-07  0.1472749775353925E-07
  0.1680000000000000E+02  0.5485116588705745E-07  0.1439233531740682E-07
  0.1685000000000000E+02  0.5353629277835374E-07  0.1406571164811549E-07
  0.1690000000000000E+02  0.5225670303539550E-07  0.1374738729905584E-07
  0.1695000000000000E+02  0.5101135571627013E-07  0.1343713010431733E-07
  0.1700000000000000E+02  0.4979924319722207E-07  0.1313471494066128E-07
  0.1705000000000000E+02  0.4861939002261991E-07  0.1283992349786021E-07
  0.1710000000000000E+02  0.4747085179771664E-07  0.1255254405708670E-07
  0.1715000000000000E+02  0.4635271412248585E-07  0.1227237127704649E-07
  0.1720000000000000E+02  0.4526409156489270E-07  0.1199920598756386E-07
  0.1725000000000000E+02  0.4420412667202557E-07  0.1173285499033945E-07
  0.1730000000000000E+02  0.4317198901758427E-07  0.1147313086661095E-07
  0.1735000000000000E+02  0.4216687428428461E-07  0.1121985179145943E-07
  0.1740000000000000E+02  0.4118800337979899E-07  0.1097284135451329E-07
  0.1745000000000000E+02  0.4023462158491180E-07  0.1073192838681268E-07
  0.1750000000000000E+02  0.3930599773262512E-07  0.1049694679360646E-07
  0.1755000000000000E+02  0.3840142341700368E-07  0.1026773539286233E-07
  0.1760000000000000E+02  0.3752021223059603E-07  0.1004413775928056E-07
  0.1765000000000000E+02  0.3666169902932205E-07  0.9826002073609463E-08
  0.1770000000000000E+02  0.3582523922376056E-07  0.9613180977068607E-08
  0.1775000000000000E+02  0.3501020809581557E-07  0.9405531430693830E-08
  0.1780000000000000E+02  0.3421600013978313E-07  0.9202914579425412E-08
  0.1785000000000000E+02  0.3344202842688073E-07  0.9005195620767324E-08
  0.1790000000000000E+02  0.3268772399234000E-07  0.8812243677852904E-08
  0.1795000000000000E+02  0.3195253524419993E-07  0.8623931676757960E-08
  0.1800000000000000E+02  0.3123592739297590E-07  0.8440136227909266E-08
  0.1805000000000000E+02  0.3053738190140964E-07  0.8260737511441538E-08
  0.1810000000000000E+02  0.2985639595354079E-07  0.8085619166362371E-08
  0.1815000000000000E+02  0.2919248194237181E-07  0.7914668183389403E-08
  0.1820000000000000E+02  0.2854516697542338E-07  0.7747774801329556E-08
  0.1825000000000000E+02  0.2791399239751364E-07  0.7584832406875237E-08
  0.1830000000000000E+02  0.2729851333011248E-07  0.7425737437696695E-08
  0.1835000000000000E+02  0.2669829822665571E-07  0.7270389288714882E-08
  0.1840000000000000E+02  0.2611292844322401E-07  0.7118690221443085E-08
  0.1845000000000000E+02  0.2554199782401824E-07  0.6970545276290203E-08
  0.1850000000000000E+02  0.2498511230108314E-07  0.6825862187722225E-08
  0.1855000000000000E+02  0.2444188950775487E-07  0.6684551302182614E-08
  0.1860000000000000E+02  0.2391195840532756E-07  0.6546525498675785E-08
  0.1865000000000000E+02  0.2339495892245515E-07  0.6411700111921692E-08
  0.1870000000000000E+02  0.2289054160682219E-07  0.6279992857992667E-08
  0.1875000000000000E+02  0.2239836728863819E-07  0.6151323762347315E-08
  0.1880000000000000E+02  0.2191810675552382E-07  0.6025615090178945E-08
  0.1885000000000000E+02  0.2144944043837852E-07  0.5902791278999490E-08
  0.1890000000000000E+02  0.2099205810783065E-07  0.5782778873382474E-08
  0.1895000000000000E+02  0.2054565858089137E-07  0.5665506461791601E-08
  0.1900000000000000E+02  0.2010994943744328E-07  0.5550904615424064E-08
  0.1905000000000000E+02  0.1968464674621306E-07  0.5438905829000220E-08
  0.1910000000000000E+02  0.1926947479988848E-07  0.5329444463433977E-08
  0.1915000000000000E+02  0.1886416585905496E-07  0.5222456690320387E-08
  0.1920000000000000E+02  0.1846845990463658E-07  0.5117880438179277E-08
  0.1925000000000000E+02  0.1808210439854218E-07  0.5015655340396116E-08
  0.1930000000000000E+02  0.1770485405222485E-07  0.4915722684803127E-08
  0.1935000000000000E+02  0.1733647060287655E-07  0.4818025364845979E-08
  0.1940000000000000E+02  0.1697672259698983E-07  0.4722507832283148E-08
  0.1945000000000000E+02  0.1662538518102729E-07  0.4629116051366976E-08
  0.1950000000000000E+02  0.1628223989895095E-07  0.4537797454457371E-08
  0.1955000000000000E+02  0.1594707449637163E-07  0.4448500899020553E-08
  0.1960000000000000E+02  0.1561968273108899E-07  0.4361176625967289E-08
  0.1965000000000000E+02  0.1529986418979834E-07  0.4275776219286299E-08
  0.1970000000000000E+02  0.1498742411075295E-07  0.4192252566930312E-08
  0.1975000000000000E+02  0.1468217321217459E-07  0.4110559822913785E-08
  0.1980000000000000E+02  0.1438392752621514E-07  0.4030653370582329E-08
  0.1985000000000000E+02  0.1409250823827719E-07  0.3952489787015831E-08
  0.1990000000000000E+02  0.1380774153151168E-07  0.3876026808528140E-08
  0.1995000000000000E+02  0.1352945843631333E-07  0.3801223297227624E-08
  0.2000000000000000E+02  0.1325749468464543E-07  0.3728039208604324E-08
  0.2014000000000000E+02  0.1252827252228396E-07  0.3531411202606754E-08
  0.2028000000000000E+02  0.1184403540942279E-07  0.3346364641268684E-08
  0.2042000000000000E+02  0.1120170718162035E-07  0.3172144226207058E-08
  0.2056000000000000E+02  0.1059844156244076E-07  0.3008048636993826E-08
  0.2070000000000000E+02  0.1003160368133983E-07  0.2853426365503387E-08
  0.2084000000000000E+02  0.9498753169561287E-08  0.2707671891928009E-08
  0.2098000000000000E+02  0.8997628691860582E-08  0.2570222173003220E-08
  0.2112000000000000E+02  0.8526133785404465E-08  0.2440553415650799E-08
  0.2126000000000000E+02  0.8082323889356813E-08  0.2318178111657274E-08
  0.2140000000000000E+02  0.7664394459603675E-08  0.2202642311187692E-08
  0.2154000000000000E+02  0.7270670072926196E-08  0.2093523114909968E-08
  0.2168000000000000E+02  0.6899594433810229E-08  0.1990426366296120E-08
  0.2182000000000000E+02  0.6549721205091938E-08  0.1892984527290702E-08
  0.2196000000000000E+02  0.6219705590868488E-08  0.1800854722010904E-08
  0.2210000000000000E+02  0.5908296606633025E-08  0.1713716934481261E-08
  0.2224000000000000E+02  0.5614329977496206E-08  0.1631272347622470E-08
  0.2238000000000000E+02  0.5336721610694898E-08  0.1553241811819533E-08
  0.2252000000000000E+02  0.5074461593421201E-08  0.1479364432400780E-08
  0.2266000000000000E+02  0.4826608671380897E-08  0.1409396266274918E-08
  0.2280000000000000E+02  0.4592285167456246E-08  0.1343109118807258E-08
  0.2294000000000000E+02  0.4370672303443850E-08  0.1280289432776128E-08
  0.2308000000000000E+02  0.4161005891101034E-08  0.1220737261943006E-08
  0.2322000000000000E+02  0.3962572361695004E-08  0.1164265322401541E-08
  0.2336000000000000E+02  0.3774705105939576E-08  0.1110698115446828E-08
  0.2350000000000000E+02  0.3596781098647932E-08  0.1059871116232205E-08
  0.2364000000000000E+02  0.3428217784652415E-08  0.1011630022960911E-08
  0.2378000000000000E+02  0.3268470204563588E-08  0.9658300617985758E-09
  0.2392000000000000E+02  0.3117028340780698E-08  0.9223353430930594E-09
  0.2406000000000000E+02  0.2973414665840339E-08  0.8810182648544018E-09
  0.2420000000000000E+02  0.2837181876715827E-08  0.8417589597823777E-09
  0.2434000000000000E+02  0.2707910800070447E-08  0.8044447824352817E-09
  0.2448000000000000E+02  0.2585208454734682E-08  0.7689698334135937E-09
  0.2462000000000000E+02  0.2468706258834168E-08  0.7352345176883994E-09
  0.2476000000000000E+02  0.2358058370049469E-08  0.7031451344389272E-09
  0.2490000000000000E+02  0.2252940148451702E-08  0.6726134959782075E-09
  0.2504000000000000E+02  0.2153046732237073E-08  0.6435565735424156E-09
  0.2518000000000000E+02  0.2058091717486426E-08  0.6158961678994844E-09
  0.2532000000000000E+02  0.1967805933809483E-08  0.5895586028974107E-09
  0.2546000000000000E+02  0.1881936308404300E-08  0.5644744402238227E-09
  0.2560000000000000E+02  0.1800244811675591E-08  0.5405782137867870E-09
  0.2574000000000000E+02  0.1722507478116333E-08  0.5178081822537633E-09
  0.2588000000000000E+02  0.1648513496670619E-08  0.4961060984019445E-09
  0.2602000000000000E+02  0.1578064365264939E-08  0.4754169940399613E-09
  0.2616000000000000E+02  0.1510973104625312E-08  0.4556889793587269E-09
  0.2630000000000000E+02  0.1447063526891401E-08  0.4368730556590199E-09
  0.2644000000000000E+02  0.1386169554899306E-08  0.4189229404857634E-09
  0.2658000000000000E+02  0.1328134588335269E-08  0.4017949042745521E-09
  0.2672000000000000E+02  0.1272810913265377E-08  0.3854476176853999E-09
  0.2686000000000000E+02  0.1220059151823916E-08  0.3698420088623957E-09
  0.2700000000000000E+02  0.1169747749097730E-08  0.3549411299164770E-09
  0.2714000000000000E+02  0.1121752494477327E-08  0.3407100319823209E-09
  0.2728000000000000E+02  0.1075956074959814E-08  0.3271156482497351E-09
  0.2742000000000000E+02  0.1032247658085256E-08  0.3141266844153610E-09
  0.2756000000000000E+02  0.9905225023685419E-09  0.3017135160422436E-09
  0.2770000000000000E+02  0.9506815932545172E-09  0.2898480923532280E-09
  0.2784000000000000E+02  0.9126313027763335E-09  0.2785038460194714E-09
  0.2798000000000000E+02  0.8762830712366899E-09  0.2676556085378589E-09
  0.2812000000000000E+02  0.8415531093601198E-09  0.2572795308210487E-09
  0.2826000000000000E+02  0.8083621194825442E-09  0.2473530086514286E-09
  0.2840000000000000E+02  0.7766350344527950E-09  0.2378546126756520E-09
  0.2854000000000000E+02  0.7463007730206790E-09  0.2287640226398215E-09
  0.2868000000000000E+02  0.7172920105779429E-09  0.2200619655869578E-09
  0.2882000000000000E+02  0.6895449642029990E-09  0.2117301577582849E-09
  0.2896000000000000E+02  0.6629991910380761E-09  0.2037512499582213E-09
  0.2910000000000000E+02  0.6375973990989995E-09  0.1961087761599024E-09
  0.2924000000000000E+02  0.6132852696838559E-09  0.1887871051437171E-09
  0.2938000000000000E+02  0.5900112906075169E-09  0.1817713949757864E-09
  0.2952000000000000E+02  0.5677265995450230E-09  0.1750475501466826E-09
  0.2966000000000000E+02  0.5463848368185014E-09  0.1686021812030323E-09
  0.2980000000000000E+02  0.5259420070099210E-09  0.1624225667160882E-09
  0.2994000000000000E+02  0.5063563488259607E-09  0.1564966174419281E-09
  0.3008000000000000E+02  0.4875882126818530E-09  0.1508128425377413E-09
  0.3022000000000000E+02  0.4695999455085190E-09  0.1453603177077391E-09
  0.3036000000000000E+02  0.4523557823220101E-09  0.1401286551606454E-09
  0.3050000000000000E+02  0.4358217441261717E-09  0.1351079752685252E-09
  0.3064000000000000E+02  0.4199655417491435E-09  0.1302888798239543E-09
  0.3078000000000000E+02  0.4047564852416245E-09  0.1256624267992573E-09
  0.3092000000000000E+02  0.3901653984901902E-09  0.1212201065177884E-09
  0.3106000000000000E+02  0.3761645387224186E-09  0.1169538191530346E-09
  0.3120000000000000E+02  0.3627275206023078E-09  0.1128558534767169E-09
  0.3134000000000000E+02  0.3498292446346241E-09  0.1089188667820937E-09
  0.3148000000000000E+02  0.3374458296154833E-09  0.1051358659133342E-09
  0.3162000000000000E+02  0.3255545488838188E-09  0.1015001893361960E-09
  0.3176000000000000E+02  0.3141337701444584E-09  0.9800549018928616E-10
  0.3190000000000000E+02  0.3031628986484820E-09  0.9464572025897288E-10
  0.3204000000000000E+02  0.2926223235303978E-09  0.9141511482453807E-10
  0.3218000000000000E+02  0.2824933671145911E-09  0.8830817832345311E-10
  0.3232000000000000E+02  0.2727582370154842E-09  0.8531967078973182E-10
  0.3246000000000000E+02  0.2633999808670153E-09  0.8244459502118191E-10
  0.3260000000000000E+02  0.2544024435274383E-09  0.7967818443406099E-10
  0.3274000000000000E+02  0.2457502266151239E-09  0.7701589156614400E-10
  0.3288000000000000E+02  0.2374286502400626E-09  0.7445337719155680E-10
  0.3302000000000000E+02  0.2294237168041712E-09  0.7198650001292186E-10
  0.3316000000000000E+02  0.2217220767513703E-09  0.6961130689841450E-10
  0.3330000000000000E+02  0.2143109961556886E-09  0.6732402363324879E-10
  0.3344000000000000E+02  0.2071783260425145E-09  0.6512104615691711E-10
  0.3358000000000000E+02  0.2003124733444714E-09  0.6299893225918684E-10
  0.3372000000000000E+02  0.1937023733993770E-09  0.6095439370944771E-10
  0.3386000000000000E+02  0.1873374639033084E-09  0.5898428879547900E-10
  0.3400000000000000E+02  0.1812076602370239E-09  0.5708561524910354E-10
  0.3414000000000000E+02  0.1753033320888560E-09  0.5525550353749573E-10
  0.3428000000000000E+02  0.1696152813017690E-09  0.5349121050014065E-10
  0.3442000000000000E+02  0.1641347208765448E-09  0.5179011331258951E-10
  0.3456000000000000E+02  0.1588532550670749E-09  0.5014970375924041E-10
  0.3470000000000000E+02  0.1537628605074747E-09  0.4856758279838551E-10
  0.3484000000000000E+02  0.1488558683142785E-09  0.4704145540372498E-10
  0.3498000000000000E+02  0.1441249471102560E-09  0.4556912566744173E-10
  0.3512000000000000E+02  0.1395630869194949E-09  0.4414849215077632E-10
  0.3526000000000000E+02  0.1351635838863042E-09  0.4277754346883705E-10
  0.3540000000000000E+02  0.1309200257732118E-09  0.4145435409712294E-10
  0.3554000000000000E+02  0.1268262781959030E-09  0.4017708038794431E-10
  0.3568000000000000E+02  0.1228764715553443E-09  0.3894395678558478E-10
  0.3582000000000000E+02  0.1190649886296011E-09  0.3775329222967192E-10
  0.3596000000000000E+02  0.1153864527899872E-09  0.3660346673680987E-10
  0.3610000000000000E+02  0.1118357168081788E-09  0.3549292815108012E-10
  0.3624000000000000E+02  0.1084078522228033E-09  0.3442018905453679E-10
  0.3638000000000000E+02  0.1050981392357854E-09  0.3338382382931204E-10
  0.3652000000000000E+02  0.1019020571103964E-09  0.3238246586341068E-10
  0.3666000000000000E+02  0.9881527504451153E-10  0.3141480489270700E-10
  0.3680000000000000E+02  0.9583364349406479E-10  0.3047958447206805E-10
  0.3694000000000000E+02  0.9295318592306667E-10  0.2957559956891492E-10
  0.3708000000000000E+02  0.9017009095786644E-10  0.2870169427289682E-10
  0.3722000000000000E+02  0.8748070492456598E-10  0.2785675961569910E-10
  0.3736000000000000E+02  0.8488152474965528E-10  0.2703973149532916E-10
  0.3750000000000000E+02  0.8236919120502880E-10  0.2624958869953126E-10
  0.3764000000000000E+02  0.7994048247957884E-10  0.2548535102327038E-10
  0.3778000000000000E+02  0.7759230806052429E-10  0.2474607747549703E-10
  0.3792000000000000E+02  0.7532170290855667E-10  0.2403086457066331E-10
  0.3806000000000000E+02  0.7312582191174509E-10  0.2333884470070266E-10
  0.3820000000000000E+02  0.7100193460395724E-10  0.2266918458341557E-10
  0.3834000000000000E+02  0.6894742013432039E-10  0.2202108378341930E-10
  0.3848000000000000E+02  0.6695976247497555E-10  0.2139377330202532E-10
  0.3862000000000000E+02  0.6503654585505604E-10  0.2078651423259945E-10
  0.3876000000000000E+02  0.6317545040947478E-10  0.2019859647814443E-10
  0.3890000000000000E+02  0.6137424803170621E-10  0.1962933752801416E-10
  0.3904000000000000E+02  0.5963079842033182E-10  0.1907808129083411E-10
  0.3918000000000000E+02  0.5794304530965584E-10  0.1854419698085424E-10
  0.3932000000000000E+02  0.5630901287521504E-10  0.1802707805510751E-10
  0.3946000000000000E+02  0.5472680230548830E-10  0.1752614119888330E-10
  0.3960000000000000E+02  0.5319458853157175E-10  0.1704082535715545E-10
  0.3974000000000000E+02  0.5171061710701664E-10  0.1657059080972716E-10
  0.3988000000000000E+02  0.5027320123043625E-10  0.1611491828797113E-10
  0.4002000000000000E+02  0.4888071890387468E-10  0.1567330813115255E-10
  0.4016000000000000E+02  0.4753161022029613E-10  0.1524527948042709E-10
  0.4030000000000000E+02  0.4622437477389518E-10  0.1483036950870289E-10
  0.4044000000000000E+02  0.4495756918726208E-10  0.1442813268465010E-10
  0.4058000000000000E+02  0.4372980474973579E-10  0.1403814006922723E-10
  0.4072000000000000E+02  0.4253974516157902E-10  0.1365997864317836E-10
  0.4086000000000000E+02  0.4138610437887856E-10  0.1329325066403289E-10
  0.4100000000000000E+02  0.4026764455433892E-10  0.1293757305121421E-10
  0.4114000000000000E+02  0.3918317406938287E-10  0.1259257679793378E-10
  0.4128000000000000E+02  0.3813154565320660E-10  0.1225790640861428E-10
  0.4142000000000000E+02  0.3711165458465888E-10  0.1193321936064794E-10
  0.4156000000000000E+02  0.3612243697302119E-10  0.1161818558935618E-10
  0.4170000000000000E+02  0.3516286811396631E-10  0.1131248699507356E-10
  0.4184000000000000E+02  0.3423196091715845E-10  0.1101581697133186E-10
  0.4198000000000000E+02  0.3332876440213639E-10  0.1072787995317161E-10
  0.4212000000000000E+02  0.3245236225928966E-10  0.1044839098465600E-10
  0.4226000000000000E+02  0.3160187147289613E-10  0.1017707530470794E-10
  0.4240000000000000E+02  0.3077644100334082E-10  0.9913667950433904E-11
  0.4254000000000000E+02  0.2997525052577848E-10  0.9657913377139395E-11
  0.4268000000000000E+02  0.2919750922263827E-10  0.9409565094279454E-11
  0.4282000000000000E+02  0.2844245462749621E-10  0.9168385316624688E-11
  0.4296000000000000E+02  0.2770935151796392E-10  0.8934144629957659E-11
  0.4310000000000000E+02  0.2699749085535643E-10  0.8706621670648142E-11
  0.4324000000000000E+02  0.2630618876901161E-10  0.8485602818486677E-11
  0.4338000000000000E+02  0.2563478558323706E-10  0.8270881902185845E-11
  0.4352000000000000E+02  0.2498264488495910E-10  0.8062259916986729E-11
  0.4366000000000000E+02  0.2434915263024092E-10  0.7859544753835168E-11
  0.4380000000000000E+02  0.2373371628792564E-10  0.7662550939617321E-11
  0.4394000000000000E+02  0.2313576401874468E-10  0.7471099387968764E-11
  0.4408000000000000E+02  0.2255474388830954E-10  0.7285017160193797E-11
  0.4422000000000000E+02  0.2199012311248258E-10  0.7104137235853726E-11
  0.4436000000000000E+02  0.2144138733369277E-10  0.6928298292603309E-11
  0.4450000000000000E+02  0.2090803992683115E-10  0.6757344494874525E-11
  0.4464000000000000E+02  0.2038960133342439E-10  0.6591125291024990E-11
  0.4478000000000000E+02  0.1988560842284751E-10  0.6429495218586623E-11
  0.4492000000000000E+02  0.1939561387939398E-10  0.6272313717266635E-11
  0.4506000000000000E+02  0.1891918561407675E-10  0.6119444949368940E-11
  0.4520000000000000E+02  0.1845590620008735E-10  0.5970757627319695E-11
  0.4534000000000000E+02  0.1800537233088919E-10  0.5826124847994571E-11
  0.4548000000000000E+02  0.1756719429996863E-10  0.5685423933559693E-11
  0.4562000000000000E+02  0.1714099550131322E-10  0.5548536278550844E-11
  0.4576000000000000E+02  0.1672641194972878E-10  0.5415347202928328E-11
  0.4590000000000000E+02  0.1632309182014827E-10  0.5285745810856486E-11
  0.4604000000000000E+02  0.1593069500512329E-10  0.5159624854968316E-11
  0.4618000000000000E+02  0.1554889268972702E-10  0.5036880605886278E-11
  0.4632000000000000E+02  0.1517736694313209E-10  0.4917412726780747E-11
  0.4646000000000000E+02  0.1481581032615962E-10  0.4801124152757062E-11
  0.4660000000000000E+02  0.1446392551412852E-10  0.4687920974871717E-11
  0.4674000000000000E+02  0.1412142493436350E-10  0.4577712328586698E-11
  0.4688000000000000E+02  0.1378803041774956E-10  0.4470410286479829E-11
  0.4702000000000000E+02  0.1346347286374781E-10  0.4365929755036532E-11
  0.4716000000000000E+02  0.1314749191831346E-10  0.4264188375356503E-11
  0.4730000000000000E+02  0.1283983566418249E-10  0.4165106427615654E-11
  0.4744000000000000E+02  0.1254026032301576E-10  0.4068606739131070E-11
  0.4758000000000000E+02  0.1224852996891328E-10  0.3974614595882921E-11
  0.4772000000000000E+02  0.1196441625283185E-10  0.3883057657353867E-11
  0.4786000000000000E+02  0.1168769813746042E-10  0.3793865874552451E-11
  0.4800000000000000E+02  0.1141816164212636E-10  0.3706971411092613E-11
  0.4808000000000000E+02  0.1126728518762023E-10  0.3658323511672981E-11
  0.4816000000000000E+02  0.1111864829986062E-10  0.3610392312454932E-11
  0.4824000000000000E+02  0.1097221398142549E-10  0.3563166074992362E-11
  0.4832000000000000E+02  0.1082794590819362E-10  0.3516633272254250E-11
  0.4840000000000000E+02  0.1068580841597592E-10  0.3470782584479458E-11
  0.4848000000000000E+02  0.1054576648743398E-10  0.3425602895119394E-11
  0.4856000000000000E+02  0.1040778573927962E-10  0.3381083286866473E-11
  0.4864000000000000E+02  0.1027183240974854E-10  0.3337213037766498E-11
  0.4872000000000000E+02  0.1013787334634192E-10  0.3293981617412987E-11
  0.4880000000000000E+02  0.1000587599382992E-10  0.3251378683221625E-11
  0.4888000000000000E+02  0.9875808382510713E-11  0.3209394076783034E-11
  0.4896000000000000E+02  0.9747639116719759E-11  0.3168017820292096E-11
  0.4904000000000000E+02  0.9621337363582892E-11  0.3127240113052022E-11
  0.4912000000000000E+02  0.9496872842008216E-11  0.3087051328051642E-11
  0.4920000000000000E+02  0.9374215811911098E-11  0.3047442008614090E-11
  0.4928000000000000E+02  0.9253337063667073E-11  0.3008402865115455E-11
  0.4936000000000000E+02  0.9134207907787134E-11  0.2969924771771659E-11
  0.4944000000000000E+02  0.9016800164810954E-11  0.2931998763492185E-11
  0.4952000000000000E+02  0.8901086155412546E-11  0.2894616032799065E-11
  0.4960000000000000E+02  0.8787038690713921E-11  0.2857767926809728E-11
  0.4968000000000000E+02  0.8674631062801662E-11  0.2821445944282231E-11
  0.4976000000000000E+02  0.8563837035442307E-11  0.2785641732721544E-11
  0.4984000000000000E+02  0.8454630834991704E-11  0.2750347085545520E-11
  0.4992000000000000E+02  0.8346987141494114E-11  0.2715553939309173E-11
  0.5000000000000000E+02  0.8240881079966754E-11  0.2681254370986057E-11
  0.5008000000000000E+02  0.8136288211865628E-11  0.2647440595305408E-11
  0.5016000000000000E+02  0.8033184526728678E-11  0.2614104962143902E-11
  0.5024000000000000E+02  0.7931546433992147E-11  0.2581239953970716E-11
  0.5032000000000000E+02  0.7831350754976438E-11  0.2548838183344856E-11
  0.5040000000000000E+02  0.7732574715037496E-11  0.2516892390463453E-11
  0.5048000000000000E+02  0.7635195935880230E-11  0.2485395440760049E-11
  0.5056000000000000E+02  0.7539192428030301E-11  0.2454340322551679E-11
  0.5064000000000000E+02  0.7444542583460773E-11  0.2423720144733761E-11
  0.5072000000000000E+02  0.7351225168370042E-11  0.2393528134521653E-11
  0.5080000000000000E+02  0.7259219316108119E-11  0.2363757635237973E-11
  0.5088000000000000E+02  0.7168504520247381E-11  0.2334402104144596E-11
  0.5096000000000000E+02  0.7079060627795216E-11  0.2305455110318420E-11
  0.5104000000000000E+02  0.6990867832545046E-11  0.2276910332569893E-11
  0.5112000000000000E+02  0.6903906668562787E-11  0.2248761557403436E-11
  0.5120000000000000E+02  0.6818158003805867E-11  0.2221002677018808E-11
  0.5128000000000000E+02  0.6733603033871807E-11  0.2193627687352569E-11
  0.5136000000000000E+02  0.6650223275873518E-11  0.2166630686158719E-11
  0.5144000000000000E+02  0.6568000562438624E-11  0.2140005871127746E-11
  0.5152000000000000E+02  0.6486917035830077E-11  0.2113747538043200E-11
  0.5160000000000000E+02  0.6406955142185389E-11  0.2087850078975013E-11
  0.5168000000000000E+02  0.6328097625871947E-11  0.2062307980508748E-11
  0.5176000000000000E+02  0.6250327523955884E-11  0.2037115822010073E-11
  0.5184000000000000E+02  0.6173628160782015E-11  0.2012268273923623E-11
  0.5192000000000000E+02  0.6097983142662513E-11  0.1987760096105600E-11
  0.5200000000000000E+02  0.6023376352671855E-11  0.1963586136189309E-11
  0.5208000000000000E+02  0.5949791945545911E-11  0.1939741327983015E-11
  0.5216000000000000E+02  0.5877214342682731E-11  0.1916220689899369E-11
  0.5224000000000000E+02  0.5805628227243063E-11  0.1893019323415756E-11
  0.5232000000000000E+02  0.5735018539348293E-11  0.1870132411564929E-11
  0.5240000000000000E+02  0.5665370471373755E-11  0.1847555217455258E-11
  0.5248000000000000E+02  0.5596669463335507E-11  0.1825283082819989E-11
  0.5256000000000000E+02  0.5528901198368330E-11  0.1803311426594896E-11
  0.5264000000000000E+02  0.5462051598293269E-11  0.1781635743523730E-11
  0.5272000000000000E+02  0.5396106819272559E-11  0.1760251602790878E-11
  0.5280000000000000E+02  0.5331053247550309E-11  0.1739154646680663E-11
  0.5288000000000000E+02  0.5266877495276945E-11  0.1718340589262728E-11
  0.5296000000000000E+02  0.5203566396415755E-11  0.1697805215102961E-11
  0.5304000000000000E+02  0.5141107002729695E-11  0.1677544377999424E-11
  0.5312000000000000E+02  0.5079486579846875E-11  0.1657553999742760E-11
  0.5320000000000000E+02  0.5018692603402986E-11  0.1637830068900579E-11
  0.5328000000000000E+02  0.4958712755259042E-11  0.1618368639625322E-11
  0.5336000000000000E+02  0.4899534919792902E-11  0.1599165830485107E-11
  0.5344000000000000E+02  0.4841147180263006E-11  0.1580217823317087E-11
  0.5352000000000000E+02  0.4783537815242790E-11  0.1561520862102866E-11
  0.5360000000000000E+02  0.4726695295124319E-11  0.1543071251865487E-11
  0.5368000000000000E+02  0.4670608278689683E-11  0.1524865357587581E-11
  0.5376000000000000E+02  0.4615265609748746E-11  0.1506899603150214E-11
  0.5384000000000000E+02  0.4560656313841859E-11  0.1489170470292030E-11
  0.5392000000000000E+02  0.4506769595006224E-11  0.1471674497588254E-11
  0.5400000000000000E+02  0.4453594832604497E-11  0.1454408279449148E-11
  0.5408000000000000E+02  0.4401121578214435E-11  0.1437368465137539E-11
  0.5416000000000000E+02  0.4349339552578260E-11  0.1420551757805013E-11
  0.5424000000000000E+02  0.4298238642610550E-11  0.1403954913546408E-11
  0.5432000000000000E+02  0.4247808898463431E-11  0.1387574740472205E-11
  0.5440000000000000E+02  0.4198040530647816E-11  0.1371408097798494E-11
  0.5448000000000000E+02  0.4148923907209700E-11  0.1355451894954117E-11
  0.5456000000000000E+02  0.4100449550960216E-11  0.1339703090704673E-11
  0.5464000000000000E+02  0.4052608136758455E-11  0.1324158692293021E-11
  0.5472000000000000E+02  0.4005390488845893E-11  0.1308815754595948E-11
  0.5480000000000000E+02  0.3958787578231425E-11  0.1293671379296694E-11
  0.5488000000000000E+02  0.3912790520125969E-11  0.1278722714072995E-11
  0.5496000000000000E+02  0.3867390571425610E-11  0.1263966951800345E-11
  0.5504000000000000E+02  0.3822579128242235E-11  0.1249401329770149E-11
  0.5512000000000000E+02  0.3778347723480850E-11  0.1235023128922494E-11
  0.5520000000000000E+02  0.3734688024462471E-11  0.1220829673093240E-11
  0.5528000000000000E+02  0.3691591830591769E-11  0.1206818328275125E-11
  0.5536000000000000E+02  0.3649051071068478E-11  0.1192986501892612E-11
  0.5544000000000000E+02  0.3607057802641796E-11  0.1179331642090235E-11
  0.5552000000000000E+02  0.3565604207406750E-11  0.1165851237034109E-11
  0.5560000000000000E+02  0.3524682590641887E-11  0.1152542814226424E-11
  0.5568000000000000E+02  0.3484285378687232E-11  0.1139403939832579E-11
  0.5576000000000000E+02  0.3444405116861898E-11  0.1126432218020780E-11
  0.5584000000000000E+02  0.3405034467420414E-11  0.1113625290313803E-11
  0.5592000000000000E+02  0.3366166207547092E-11  0.1100980834952713E-11
  0.5600000000000000E+02  0.3327793227387622E-11  0.1088496566272278E-11
  0.5608000000000000E+02  0.3289908528117115E-11  0.1076170234087869E-11
  0.5616000000000000E+02  0.3252505220044000E-11  0.1063999623093610E-11
  0.5624000000000000E+02  0.3215576520748898E-11  0.1051982552271542E-11
  0.5632000000000000E+02  0.3179115753257891E-11  0.1040116874311622E-11
  0.5640000000000000E+02  0.3143116344249440E-11  0.1028400475042301E-11
  0.5648000000000000E+02  0.3107571822294338E-11  0.1016831272871503E-11
  0.5656000000000000E+02  0.3072475816127990E-11  0.1005407218237787E-11
  0.5664000000000000E+02  0.3037822052954440E-11  0.9941262930715112E-12
  0.5672000000000000E+02  0.3003604356781429E-11  0.9829865102657717E-12
  0.5680000000000000E+02  0.2969816646785989E-11  0.9719859131569557E-12
  0.5688000000000000E+02  0.2936452935709873E-11  0.9611225750147139E-12
  0.5696000000000000E+02  0.2903507328284284E-11  0.9503945985411601E-12
  0.5704000000000000E+02  0.2870974019683318E-11  0.9398001153791226E-12
  0.5712000000000000E+02  0.2838847294005557E-11  0.9293372856292818E-12
  0.5720000000000000E+02  0.2807121522783248E-11  0.9190042973760069E-12
  0.5728000000000000E+02  0.2775791163518569E-11  0.9087993662217415E-12
  0.5736000000000000E+02  0.2744850758246401E-11  0.8987207348297455E-12
  0.5744000000000000E+02  0.2714294932123119E-11  0.8887666724750669E-12
  0.5752000000000000E+02  0.2684118392040907E-11  0.8789354746035580E-12
  0.5760000000000000E+02  0.2654315925267089E-11  0.8692254623987950E-12
  0.5768000000000000E+02  0.2624882398107935E-11  0.8596349823567372E-12
  0.5776000000000000E+02  0.2595812754596594E-11  0.8501624058679984E-12
  0.5784000000000000E+02  0.2567102015204562E-11  0.8408061288075592E-12
  0.5792000000000000E+02  0.2538745275576335E-11  0.8315645711318020E-12
  0.5800000000000000E+02  0.2510737705286653E-11  0.8224361764827049E-12
  0.5808000000000000E+02  0.2483074546620105E-11  0.8134194117990821E-12
  0.5816000000000000E+02  0.2455751113372474E-11  0.8045127669347187E-12
  0.5824000000000000E+02  0.2428762789673517E-11  0.7957147542832719E-12
  0.5832000000000000E+02  0.2402105028830749E-11  0.7870239084098288E-12
  0.5840000000000000E+02  0.2375773352193765E-11  0.7784387856889572E-12
  0.5848000000000000E+02  0.2349763348038814E-11  0.7699579639491644E-12
  0.5856000000000000E+02  0.2324070670473157E-11  0.7615800421236218E-12
  0.5864000000000000E+02  0.2298691038358845E-11  0.7533036399070425E-12
  0.5872000000000000E+02  0.2273620234255590E-11  0.7451273974185921E-12
  0.5880000000000000E+02  0.2248854103382302E-11  0.7370499748707262E-12
  0.5888000000000000E+02  0.2224388552596989E-11  0.7290700522438374E-12
  0.5896000000000000E+02  0.2200219549394664E-11  0.7211863289666053E-12
  0.5904000000000000E+02  0.2176343120922870E-11  0.7133975236019398E-12
  0.5912000000000000E+02  0.2152755353014554E-11  0.7057023735384138E-12
  0.5920000000000000E+02  0.2129452389237947E-11  0.6980996346870866E-12
  0.5928000000000000E+02  0.2106430429963085E-11  0.6905880811836133E-12
  0.5936000000000000E+02  0.2083685731444696E-11  0.6831665050955379E-12
  0.5944000000000000E+02  0.2061214604921169E-11  0.6758337161346833E-12
  0.5952000000000000E+02  0.2039013415729230E-11  0.6685885413745322E-12
  0.5960000000000000E+02  0.2017078582434119E-11  0.6614298249725195E-12
  0.5968000000000000E+02  0.1995406575974870E-11  0.6543564278971271E-12
  0.5976000000000000E+02  0.1973993918824548E-11  0.6473672276597084E-12
  0.5984000000000000E+02  0.1952837184165021E-11  0.6404611180509472E-12
  0.5992000000000000E+02  0.1931932995076108E-11  0.6336370088818675E-12
  0.6000000000000000E+02  0.1911278023738770E-11  0.6268938257293040E-12
  0.6008000000000000E+02  0.1890868990652098E-11  0.6202305096857624E-12
  0.6016000000000000E+02  0.1870702663863866E-11  0.6136460171135793E-12
  0.6024000000000000E+02  0.1850775858214367E-11  0.6071393194033033E-12
  0.6032000000000000E+02  0.1831085434593294E-11  0.6007094027362284E-12
  0.6040000000000000E+02  0.1811628299209420E-11  0.5943552678509860E-12
  0.6048000000000000E+02  0.1792401402872879E-11  0.5880759298141431E-12
  0.6056000000000000E+02  0.1773401740289731E-11  0.5818704177947152E-12
  0.6064000000000000E+02  0.1754626349368695E-11  0.5757377748425325E-12
  0.6072000000000000E+02  0.1736072310539724E-11  0.5696770576703817E-12
  0.6080000000000000E+02  0.1717736746084261E-11  0.5636873364398616E-12
  0.6088000000000000E+02  0.1699616819476964E-11  0.5577676945508820E-12
  0.6096000000000000E+02  0.1681709734738651E-11  0.5519172284347363E-12
  0.6104000000000000E+02  0.1664012735800293E-11  0.5461350473506865E-12
  0.6112000000000000E+02  0.1646523105877846E-11  0.5404202731859964E-12
  0.6120000000000000E+02  0.1629238166857707E-11  0.5347720402593515E-12
  0.6128000000000000E+02  0.1612155278692635E-11  0.5291894951275983E-12
  0.6136000000000000E+02  0.1595271838807893E-11  0.5236717963957502E-12
  0.6144000000000000E+02  0.1578585281517484E-11  0.5182181145301968E-12
  0.6152000000000000E+02  0.1562093077450258E-11  0.5128276316750615E-12
  0.6160000000000000E+02  0.1545792732985720E-11  0.5074995414716476E-12
  0.6168000000000000E+02  0.1529681789699376E-11  0.5022330488809153E-12
  0.6176000000000000E+02  0.1513757823817411E-11  0.4970273700089454E-12
  0.6184000000000000E+02  0.1498018445680576E-11  0.4918817319353229E-12
  0.6192000000000000E+02  0.1482461299217092E-11  0.4867953725443969E-12
  0.6200000000000000E+02  0.1467084061424386E-11  0.4817675403593602E-12
  0.6208000000000000E+02  0.1451884441859552E-11  0.4767974943791032E-12
  0.6216000000000000E+02  0.1436860182138337E-11  0.4718845039177868E-12
  0.6224000000000000E+02  0.1422009055442518E-11  0.4670278484470884E-12
  0.6232000000000000E+02  0.1407328866035515E-11  0.4622268174410769E-12
  0.6240000000000000E+02  0.1392817448786085E-11  0.4574807102236600E-12
  0.6248000000000000E+02  0.1378472668699968E-11  0.4527888358185695E-12
  0.6256000000000000E+02  0.1364292420459325E-11  0.4481505128018301E-12
  0.6264000000000000E+02  0.1350274627969849E-11  0.4435650691566763E-12
  0.6272000000000000E+02  0.1336417243915391E-11  0.4390318421308619E-12
  0.6280000000000000E+02  0.1322718249319970E-11  0.4345501780963335E-12
  0.6288000000000000E+02  0.1309175653117053E-11  0.4301194324112160E-12
  0.6296000000000000E+02  0.1295787491725972E-11  0.4257389692840739E-12
  0.6304000000000000E+02  0.1282551828635315E-11  0.4214081616404057E-12
  0.6312000000000000E+02  0.1269466753993223E-11  0.4171263909913338E-12
  0.6320000000000000E+02  0.1256530384204424E-11  0.4128930473044506E-12
  0.6328000000000000E+02  0.1243740861533920E-11  0.4087075288767835E-12
  0.6336000000000000E+02  0.1231096353717180E-11  0.4045692422098384E-12
  0.6344000000000000E+02  0.1218595053576735E-11  0.4004776018866897E-12
  0.6352000000000000E+02  0.1206235178645080E-11  0.3964320304510767E-12
  0.6360000000000000E+02  0.1194014970793743E-11  0.3924319582884762E-12
  0.6368000000000000E+02  0.1181932695868424E-11  0.3884768235091086E-12
  0.6376000000000000E+02  0.1169986643330101E-11  0.3845660718328543E-12
  0.6384000000000000E+02  0.1158175125901995E-11  0.3806991564760360E-12
  0.6392000000000000E+02  0.1146496479222299E-11  0.3768755380400439E-12
  0.6400000000000000E+02  0.1134949061502546E-11  0.3730946844017648E-12
