 BASIS_TYPE PG_0S
 PARTICLES      4
 MASSES   3.6704829678500000E+03   1.8361526724700000E+03   1.0000000000000000E+00   1.0000000000000000E+00
 CHARGES   1.0000000000000000E+00   1.0000000000000000E+00  -1.0000000000000000E+00  -1.0000000000000000E+00
 SYMMETRY (1+P34)
 BASIS_SIZE     10
 CURRENT_ENERGY  -1.1508338858243905E+00
 WHICH_EIGENVALUE      1
 EIGVAL_TOLERANCE   9.9999999999999998E-13
 INVITPARAMETER   1.0000009999999999E+00
 LAST_EIGVAL_TOL   1.7004206591917118E-15
 BEST_EIGVAL_TOL   1.0000000000000000E+00
 WORST_EIGVAL_TOL   3.5573275970943655E-07
 GENERATOR_PARAM   6.9999999999999996E-01   1.0000000000000000E+00   3.0000000000000000E+00
 ==============================
     10  -1.1508338858243905E+00     10      0    595
 ==============================
 EXPC_VALS   G   10
 ==============================
      1  -9.0665863629217791E-01      0      0      0
      2  -9.8730280477166521E-01      0      0      0
      3  -1.0656016517038105E+00      0      0      0
      4  -1.0881586270311250E+00      0      0      0
      5  -1.1247236462583776E+00     10      0    315
      6  -1.1280511983987329E+00      0      0      0
      7  -1.1321450999544875E+00      0      0      0
      8  -1.1355257536061669E+00      0      0      0
      9  -1.1382492091916527E+00      0      0      0
     10  -1.1508338858243905E+00     10      0    595
 ==============================
      1      2   9.8024664358984337E-01  -3.3218483712102259E-01  -2.3882501517203869E-03   1.1998551525907344E+00  -8.0546962762465779E-01   6.4124226343637480E-01
      2      2   9.1263535161922915E-01  -5.7881747178752649E-02  -9.8638531956205117E-03   1.0632521283215073E+00   7.5324830030089357E-02   5.3133974951586382E-01
      3      2   3.1980158814207713E+00  -2.8398000673536385E+00  -3.5641392930983430E-02  -1.0177050786434814E+00   6.9396778886914576E-02   5.5078046943904990E-01
      4      2   1.5708570849625427E+00   6.1693711636091894E-03  -1.0362510601880188E+00   1.3991999379455005E+00  -2.6652665225494108E-02   7.6621771391876703E-01
      5      8   1.4487503765683547E+00  -1.1383413719137785E-01  -4.1369241481483403E-02   5.5413438633458467E-01   1.7366850302229207E-02   3.2417487996189132E-01
      6      2   9.8930080023411371E-01  -6.2509334975722794E-02  -2.0883370505160687E-01   3.3511242467146198E+00   5.3529782960104457E-03   5.1028618952902727E-01
      7     22   2.3829980048439330E+00  -5.0164548511415982E-02  -4.9388731972332400E-02   3.9892825530650172E-01   2.4512272893759512E-02   1.4347987129421322E+00
      8      6  -1.7955311633982196E+00   8.0876680618146124E-01   6.1188585598072359E-02  -9.3920051044775088E-01   2.5271800718781750E-02  -4.2434262155121993E-01
      9     10   1.7704113661721439E+00  -2.6847768493816876E-01  -3.2890943803829724E-02   6.2233103394757749E-01   3.4677177128276830E-02   7.0807381000677239E-01
     10      6  -3.5854711803131170E+00   2.2715054008694451E+00   2.5463403112820415E-02  -1.6986951098395315E+00   1.3405837260155798E-02  -5.3599736746166859E-01
