0.000000000000
0.000010000000
0.000020000000
0.000030000000
0.000040000000
0.000050000000
0.000060000000
0.000070000000
0.000080000000
0.000090000000
0.000100000000
0.000110000000
0.000120000000
0.000130000000
0.000140000000
0.000150000000
0.000160000000
0.000170000000
0.000180000000
0.000190000000
0.000200000000
0.000210000000
0.000220000000
0.000230000000
0.000240000000
0.000250000000
0.000260000000
0.000270000000
0.000280000000
0.000290000000
0.000300000000
0.000310000000
0.000320000000
0.000330000000
0.000340000000
0.000350000000
0.000360000000
0.000370000000
0.000380000000
0.000390000000
0.000400000000
0.000410000000
0.000420000000
0.000430000000
0.000440000000
0.000450000000
0.000460000000
0.000470000000
0.000480000000
0.000490000000
0.000500000000
0.000510000000
0.000520000000
0.000530000000
0.000540000000
0.000550000000
0.000560000000
0.000570000000
0.000580000000
0.000590000000
0.000600000000
0.000610000000
0.000620000000
0.000630000000
0.000640000000
0.000650000000
0.000660000000
0.000670000000
0.000680000000
0.000690000000
0.000700000000
0.000710000000
0.000720000000
0.000730000000
0.000740000000
0.000750000000
0.000760000000
0.000770000000
0.000780000000
0.000790000000
0.000800000000
0.000810000000
0.000820000000
0.000830000000
0.000840000000
0.000850000000
0.000860000000
0.000870000000
0.000880000000
0.000890000000
0.000900000000
0.000910000000
0.000920000000
0.000930000000
0.000940000000
0.000950000000
0.000960000000
0.000970000000
0.000980000000
0.000990000000
0.001000000000
0.001010000000
0.001020000000
0.001030000000
0.001040000000
0.001050000000
0.001060000000
0.001070000000
0.001080000000
0.001090000000
0.001100000000
0.001110000000
0.001120000000
0.001130000000
0.001140000000
0.001150000000
0.001160000000
0.001170000000
0.001180000000
0.001190000000
0.001200000000
0.001210000000
0.001220000000
0.001230000000
0.001240000000
0.001250000000
0.001260000000
0.001270000000
0.001280000000
0.001290000000
0.001300000000
0.001310000000
0.001320000000
0.001330000000
0.001340000000
0.001350000000
0.001360000000
0.001370000000
0.001380000000
0.001390000000
0.001400000000
0.001410000000
0.001420000000
0.001430000000
0.001440000000
0.001450000000
0.001460000000
0.001470000000
0.001480000000
0.001490000000
0.001500000000
0.001510000000
0.001520000000
0.001530000000
0.001540000000
0.001550000000
0.001560000000
0.001570000000
0.001580000000
0.001590000000
0.001600000000
0.001610000000
0.001620000000
0.001630000000
0.001640000000
0.001650000000
0.001660000000
0.001670000000
0.001680000000
0.001690000000
0.001700000000
0.001710000000
0.001720000000
0.001730000000
0.001740000000
0.001750000000
0.001760000000
0.001770000000
0.001780000000
0.001790000000
0.001800000000
0.001810000000
0.001820000000
0.001830000000
0.001840000000
0.001850000000
0.001860000000
0.001870000000
0.001880000000
0.001890000000
0.001900000000
0.001910000000
0.001920000000
0.001930000000
0.001940000000
0.001950000000
0.001960000000
0.001970000000
0.001980000000
0.001990000000
0.002000000000
0.005992000000
0.009984000000
0.013976000000
0.017968000000
0.021960000000
0.025952000000
0.029944000000
0.033936000000
0.037928000000
0.041920000000
0.045912000000
0.049904000000
0.053896000000
0.057888000000
0.061880000000
0.065872000000
0.069864000000
0.073856000000
0.077848000000
0.081840000000
0.085832000000
0.089824000000
0.093816000000
0.097808000000
0.101800000000
0.105792000000
0.109784000000
0.113776000000
0.117768000000
0.121760000000
0.125752000000
0.129744000000
0.133736000000
0.137728000000
0.141720000000
0.145712000000
0.149704000000
0.153696000000
0.157688000000
0.161680000000
0.165672000000
0.169664000000
0.173656000000
0.177648000000
0.181640000000
0.185632000000
0.189624000000
0.193616000000
0.197608000000
0.201600000000
0.205592000000
0.209584000000
0.213576000000
0.217568000000
0.221560000000
0.225552000000
0.229544000000
0.233536000000
0.237528000000
0.241520000000
0.245512000000
0.249504000000
0.253496000000
0.257488000000
0.261480000000
0.265472000000
0.269464000000
0.273456000000
0.277448000000
0.281440000000
0.285432000000
0.289424000000
0.293416000000
0.297408000000
0.301400000000
0.305392000000
0.309384000000
0.313376000000
0.317368000000
0.321360000000
0.325352000000
0.329344000000
0.333336000000
0.337328000000
0.341320000000
0.345312000000
0.349304000000
0.353296000000
0.357288000000
0.361280000000
0.365272000000
0.369264000000
0.373256000000
0.377248000000
0.381240000000
0.385232000000
0.389224000000
0.393216000000
0.397208000000
0.401200000000
0.405192000000
0.409184000000
0.413176000000
0.417168000000
0.421160000000
0.425152000000
0.429144000000
0.433136000000
0.437128000000
0.441120000000
0.445112000000
0.449104000000
0.453096000000
0.457088000000
0.461080000000
0.465072000000
0.469064000000
0.473056000000
0.477048000000
0.481040000000
0.485032000000
0.489024000000
0.493016000000
0.497008000000
0.501000000000
0.504992000000
0.508984000000
0.512976000000
0.516968000000
0.520960000000
0.524952000000
0.528944000000
0.532936000000
0.536928000000
0.540920000000
0.544912000000
0.548904000000
0.552896000000
0.556888000000
0.560880000000
0.564872000000
0.568864000000
0.572856000000
0.576848000000
0.580840000000
0.584832000000
0.588824000000
0.592816000000
0.596808000000
0.600800000000
0.604792000000
0.608784000000
0.612776000000
0.616768000000
0.620760000000
0.624752000000
0.628744000000
0.632736000000
0.636728000000
0.640720000000
0.644712000000
0.648704000000
0.652696000000
0.656688000000
0.660680000000
0.664672000000
0.668664000000
0.672656000000
0.676648000000
0.680640000000
0.684632000000
0.688624000000
0.692616000000
0.696608000000
0.700600000000
0.704592000000
0.708584000000
0.712576000000
0.716568000000
0.720560000000
0.724552000000
0.728544000000
0.732536000000
0.736528000000
0.740520000000
0.744512000000
0.748504000000
0.752496000000
0.756488000000
0.760480000000
0.764472000000
0.768464000000
0.772456000000
0.776448000000
0.780440000000
0.784432000000
0.788424000000
0.792416000000
0.796408000000
0.800400000000
0.804392000000
0.808384000000
0.812376000000
0.816368000000
0.820360000000
0.824352000000
0.828344000000
0.832336000000
0.836328000000
0.840320000000
0.844312000000
0.848304000000
0.852296000000
0.856288000000
0.860280000000
0.864272000000
0.868264000000
0.872256000000
0.876248000000
0.880240000000
0.884232000000
0.888224000000
0.892216000000
0.896208000000
0.900200000000
0.904192000000
0.908184000000
0.912176000000
0.916168000000
0.920160000000
0.924152000000
0.928144000000
0.932136000000
0.936128000000
0.940120000000
0.944112000000
0.948104000000
0.952096000000
0.956088000000
0.960080000000
0.964072000000
0.968064000000
0.972056000000
0.976048000000
0.980040000000
0.984032000000
0.988024000000
0.992016000000
0.996008000000
1.000000000000
1.026491680839
1.056786161003
1.088703936712
1.121723800805
1.155588150741
1.190141050780
1.225277261537
1.260920678924
1.297013558176
1.333510502098
1.370374832331
1.407576264730
1.445089349019
1.482892381256
1.520966621941
1.559295718995
1.597865272400
1.636662499333
1.675675972292
1.714895411252
1.754311516553
1.793915832968
1.833700637965
1.873658848995
1.913783945901
1.954069905471
1.994511145848
2.035102478983
2.075839069744
2.116716400526
2.157730240489
2.198876618659
2.240151800332
2.281552266261
2.323074694242
2.364715942755
2.406473036380
2.448343152753
2.490323610866
2.532411860537
2.574605472910
2.616902131854
2.659299626176
2.701795842525
2.744388758938
2.787076438941
2.829857026150
2.872728739326
2.915689867825
2.958738767416
3.001873856427
3.045093612177
3.088396567689
3.131781308633
3.175246470497
3.218790735959
3.262412832440
3.306111529822
3.349885638326
3.393734006526
3.437655519494
3.481649097063
3.525713692196
3.569848289467
3.614051903620
3.658323578224
3.702662384408
3.747067419663
3.791537806719
3.836072692483
3.880671247037
3.925332662690
3.970056153079
4.014840952329
4.059686314240
4.104591511533
4.149555835123
4.194578593435
4.239659111753
4.284796731600
4.329990810147
4.375240719658
4.420545846947
4.465905592879
4.511319371877
4.556786611463
4.602306751816
4.647879245346
4.693503556296
4.739179160353
4.784905544280
4.830682205562
4.876508652067
4.922384401727
4.968308982220
5.014281930677
5.060302793397
5.106371125568
5.152486491010
5.198648461916
5.244856618613
5.291110549327
5.337409849959
5.383754123869
5.430142981663
5.476576041002
5.523052926401
5.569573269047
5.616136706617
5.662742883108
5.709391448671
5.756082059445
5.802814377408
5.849588070221
5.896402811091
5.943258278624
5.990154156692
6.037090134305
6.084065905483
6.131081169131
6.178135628925
6.225228993198
6.272360974825
6.319531291118
6.366739663724
6.413985818521
6.461269485525
6.508590398791
6.555948296322
6.603342919984
6.650774015417
6.698241331950
6.745744622523
6.793283643606
6.840858155125
6.888467920385
6.936112705998
6.983792281816
7.031506420860
7.079254899255
7.127037496165
7.174853993732
7.222704177013
7.270587833923
7.318504755175
7.366454734226
7.414437567223
7.462453052947
7.510500992765
7.558581190576
7.606693452764
7.654837588152
7.703013407952
7.751220725721
7.799459357318
7.847729120860
7.896029836678
7.944361327281
7.992723417312
8.041115933509
8.089538704670
8.137991561612
8.186474337138
8.234986866002
8.283528984871
8.332100532294
8.380701348668
8.429331276208
8.477990158912
8.526677842535
8.575394174554
8.624139004142
8.672912182138
8.721713561022
8.770542994884
8.819400339397
8.868285451794
8.917198190843
8.966138416815
9.015105991470
9.064100778025
9.113122641131
9.162171446858
9.211247062662
9.260349357370
9.309478201156
9.358633465522
9.407815023274
9.457022748506
9.506256516575
9.555516204088
9.604801688877
9.654112849987
9.703449567649
9.752811723272
9.802199199419
9.851611879790
9.901049649209
9.950512393607
10.000000000000
10.050000000000
10.100000000000
10.150000000000
10.200000000000
10.250000000000
10.300000000000
10.350000000000
10.400000000000
10.450000000000
10.500000000000
10.550000000000
10.600000000000
10.650000000000
10.700000000000
10.750000000000
10.800000000000
10.850000000000
10.900000000000
10.950000000000
11.000000000000
11.050000000000
11.100000000000
11.150000000000
11.200000000000
11.250000000000
11.300000000000
11.350000000000
11.400000000000
11.450000000000
11.500000000000
11.550000000000
11.600000000000
11.650000000000
11.700000000000
11.750000000000
11.800000000000
11.850000000000
11.900000000000
11.950000000000
12.000000000000
12.050000000000
12.100000000000
12.150000000000
12.200000000000
12.250000000000
12.300000000000
12.350000000000
12.400000000000
12.450000000000
12.500000000000
12.550000000000
12.600000000000
12.650000000000
12.700000000000
12.750000000000
12.800000000000
12.850000000000
12.900000000000
12.950000000000
13.000000000000
13.050000000000
13.100000000000
13.150000000000
13.200000000000
13.250000000000
13.300000000000
13.350000000000
13.400000000000
13.450000000000
13.500000000000
13.550000000000
13.600000000000
13.650000000000
13.700000000000
13.750000000000
13.800000000000
13.850000000000
13.900000000000
13.950000000000
14.000000000000
14.050000000000
14.100000000000
14.150000000000
14.200000000000
14.250000000000
14.300000000000
14.350000000000
14.400000000000
14.450000000000
14.500000000000
14.550000000000
14.600000000000
14.650000000000
14.700000000000
14.750000000000
14.800000000000
14.850000000000
14.900000000000
14.950000000000
15.000000000000
15.050000000000
15.100000000000
15.150000000000
15.200000000000
15.250000000000
15.300000000000
15.350000000000
15.400000000000
15.450000000000
15.500000000000
15.550000000000
15.600000000000
15.650000000000
15.700000000000
15.750000000000
15.800000000000
15.850000000000
15.900000000000
15.950000000000
16.000000000000
16.050000000000
16.100000000000
16.150000000000
16.200000000000
16.250000000000
16.300000000000
16.350000000000
16.400000000000
16.450000000000
16.500000000000
16.550000000000
16.600000000000
16.650000000000
16.700000000000
16.750000000000
16.800000000000
16.850000000000
16.900000000000
16.950000000000
17.000000000000
17.050000000000
17.100000000000
17.150000000000
17.200000000000
17.250000000000
17.300000000000
17.350000000000
17.400000000000
17.450000000000
17.500000000000
17.550000000000
17.600000000000
17.650000000000
17.700000000000
17.750000000000
17.800000000000
17.850000000000
17.900000000000
17.950000000000
18.000000000000
18.050000000000
18.100000000000
18.150000000000
18.200000000000
18.250000000000
18.300000000000
18.350000000000
18.400000000000
18.450000000000
18.500000000000
18.550000000000
18.600000000000
18.650000000000
18.700000000000
18.750000000000
18.800000000000
18.850000000000
18.900000000000
18.950000000000
19.000000000000
19.050000000000
19.100000000000
19.150000000000
19.200000000000
19.250000000000
19.300000000000
19.350000000000
19.400000000000
19.450000000000
19.500000000000
19.550000000000
19.600000000000
19.650000000000
19.700000000000
19.750000000000
19.800000000000
19.850000000000
19.900000000000
19.950000000000
20.000000000000
20.140000000000
20.280000000000
20.420000000000
20.560000000000
20.700000000000
20.840000000000
20.980000000000
21.120000000000
21.260000000000
21.400000000000
21.540000000000
21.680000000000
21.820000000000
21.960000000000
22.100000000000
22.240000000000
22.380000000000
22.520000000000
22.660000000000
22.800000000000
22.940000000000
23.080000000000
23.220000000000
23.360000000000
23.500000000000
23.640000000000
23.780000000000
23.920000000000
24.060000000000
24.200000000000
24.340000000000
24.480000000000
24.620000000000
24.760000000000
24.900000000000
25.040000000000
25.180000000000
25.320000000000
25.460000000000
25.600000000000
25.740000000000
25.880000000000
26.020000000000
26.160000000000
26.300000000000
26.440000000000
26.580000000000
26.720000000000
26.860000000000
27.000000000000
27.140000000000
27.280000000000
27.420000000000
27.560000000000
27.700000000000
27.840000000000
27.980000000000
28.120000000000
28.260000000000
28.400000000000
28.540000000000
28.680000000000
28.820000000000
28.960000000000
29.100000000000
29.240000000000
29.380000000000
29.520000000000
29.660000000000
29.800000000000
29.940000000000
30.080000000000
30.220000000000
30.360000000000
30.500000000000
30.640000000000
30.780000000000
30.920000000000
31.060000000000
31.200000000000
31.340000000000
31.480000000000
31.620000000000
31.760000000000
31.900000000000
32.040000000000
32.180000000000
32.320000000000
32.460000000000
32.600000000000
32.740000000000
32.880000000000
33.020000000000
33.160000000000
33.300000000000
33.440000000000
33.580000000000
33.720000000000
33.860000000000
34.000000000000
34.140000000000
34.280000000000
34.420000000000
34.560000000000
34.700000000000
34.840000000000
34.980000000000
35.120000000000
35.260000000000
35.400000000000
35.540000000000
35.680000000000
35.820000000000
35.960000000000
36.100000000000
36.240000000000
36.380000000000
36.520000000000
36.660000000000
36.800000000000
36.940000000000
37.080000000000
37.220000000000
37.360000000000
37.500000000000
37.640000000000
37.780000000000
37.920000000000
38.060000000000
38.200000000000
38.340000000000
38.480000000000
38.620000000000
38.760000000000
38.900000000000
39.040000000000
39.180000000000
39.320000000000
39.460000000000
39.600000000000
39.740000000000
39.880000000000
40.020000000000
40.160000000000
40.300000000000
40.440000000000
40.580000000000
40.720000000000
40.860000000000
41.000000000000
41.140000000000
41.280000000000
41.420000000000
41.560000000000
41.700000000000
41.840000000000
41.980000000000
42.120000000000
42.260000000000
42.400000000000
42.540000000000
42.680000000000
42.820000000000
42.960000000000
43.100000000000
43.240000000000
43.380000000000
43.520000000000
43.660000000000
43.800000000000
43.940000000000
44.080000000000
44.220000000000
44.360000000000
44.500000000000
44.640000000000
44.780000000000
44.920000000000
45.060000000000
45.200000000000
45.340000000000
45.480000000000
45.620000000000
45.760000000000
45.900000000000
46.040000000000
46.180000000000
46.320000000000
46.460000000000
46.600000000000
46.740000000000
46.880000000000
47.020000000000
47.160000000000
47.300000000000
47.440000000000
47.580000000000
47.720000000000
47.860000000000
48.000000000000
48.080000000000
48.160000000000
48.240000000000
48.320000000000
48.400000000000
48.480000000000
48.560000000000
48.640000000000
48.720000000000
48.800000000000
48.880000000000
48.960000000000
49.040000000000
49.120000000000
49.200000000000
49.280000000000
49.360000000000
49.440000000000
49.520000000000
49.600000000000
49.680000000000
49.760000000000
49.840000000000
49.920000000000
50.000000000000
50.080000000000
50.160000000000
50.240000000000
50.320000000000
50.400000000000
50.480000000000
50.560000000000
50.640000000000
50.720000000000
50.800000000000
50.880000000000
50.960000000000
51.040000000000
51.120000000000
51.200000000000
51.280000000000
51.360000000000
51.440000000000
51.520000000000
51.600000000000
51.680000000000
51.760000000000
51.840000000000
51.920000000000
52.000000000000
52.080000000000
52.160000000000
52.240000000000
52.320000000000
52.400000000000
52.480000000000
52.560000000000
52.640000000000
52.720000000000
52.800000000000
52.880000000000
52.960000000000
53.040000000000
53.120000000000
53.200000000000
53.280000000000
53.360000000000
53.440000000000
53.520000000000
53.600000000000
53.680000000000
53.760000000000
53.840000000000
53.920000000000
54.000000000000
54.080000000000
54.160000000000
54.240000000000
54.320000000000
54.400000000000
54.480000000000
54.560000000000
54.640000000000
54.720000000000
54.800000000000
54.880000000000
54.960000000000
55.040000000000
55.120000000000
55.200000000000
55.280000000000
55.360000000000
55.440000000000
55.520000000000
55.600000000000
55.680000000000
55.760000000000
55.840000000000
55.920000000000
56.000000000000
56.080000000000
56.160000000000
56.240000000000
56.320000000000
56.400000000000
56.480000000000
56.560000000000
56.640000000000
56.720000000000
56.800000000000
56.880000000000
56.960000000000
57.040000000000
57.120000000000
57.200000000000
57.280000000000
57.360000000000
57.440000000000
57.520000000000
57.600000000000
57.680000000000
57.760000000000
57.840000000000
57.920000000000
58.000000000000
58.080000000000
58.160000000000
58.240000000000
58.320000000000
58.400000000000
58.480000000000
58.560000000000
58.640000000000
58.720000000000
58.800000000000
58.880000000000
58.960000000000
59.040000000000
59.120000000000
59.200000000000
59.280000000000
59.360000000000
59.440000000000
59.520000000000
59.600000000000
59.680000000000
59.760000000000
59.840000000000
59.920000000000
60.000000000000
60.080000000000
60.160000000000
60.240000000000
60.320000000000
60.400000000000
60.480000000000
60.560000000000
60.640000000000
60.720000000000
60.800000000000
60.880000000000
60.960000000000
61.040000000000
61.120000000000
61.200000000000
61.280000000000
61.360000000000
61.440000000000
61.520000000000
61.600000000000
61.680000000000
61.760000000000
61.840000000000
61.920000000000
62.000000000000
62.080000000000
62.160000000000
62.240000000000
62.320000000000
62.400000000000
62.480000000000
62.560000000000
62.640000000000
62.720000000000
62.800000000000
62.880000000000
62.960000000000
63.040000000000
63.120000000000
63.200000000000
63.280000000000
63.360000000000
63.440000000000
63.520000000000
63.600000000000
63.680000000000
63.760000000000
63.840000000000
63.920000000000
64.000000000000
